# cathegory: solved
# problem: no problem
# numcrossings:526
128
6
14
8
23
17
26
11
51
34
65
53
69
63
62
56
76
72
68
55
54
111
57
74
81
94
91
90
64
86
126
87
44
67
29
92
22
25
27
21
30
35
20
33
60
95
115
123
102
127
122
104
96
121
41
80
106
88
107
100
110
109
116
120
117
113
114
97
71
58
18
36
78
59
47
9
15
45
28
19
16
13
99
6
83
93
84
4
77
98
101
125
105
73
75
85
119
46
108
50
37
124
40
10
52
31
24
42
66
3
1
39
82
5
48
7
49
43
103
61
2
12
79
32
38
70
112
0
118
89
0 35 [5]
30 35 [1]
20 35 [0]
35 71 [0]
35 95 [1]
18 35 [0]
35 127 [1]
0 40 [0]
0 106 [2]
0 110 [2]
0 14 [4]
0 107 [2]
0 122 [2]
30 40 [4]
30 87 [2]
30 47 [0]
30 92 [0]
30 126 [2]
21 30 [4]
37 40 [2]
40 119 [2]
40 80 [4]
40 124 [4]
40 96 [4]
20 106 [0]
20 87 [2]
20 97 [0]
20 33 [2]
20 36 [0]
20 41 [0]
37 106 [4]
106 109 [0]
8 106 [2]
88 106 [3]
74 106 [1]
37 87 [3]
59 87 [0]
87 91 [5]
50 87 [3]
87 94 [5]
37 85 [2]
37 118 [0]
37 108 [5]
37 81 [3]
71 110 [3]
47 71 [2]
71 97 [1]
32 71 [2]
58 71 [0]
71 115 [3]
110 119 [4]
109 110 [5]
110 116 [1]
110 111 [1]
42 110 [5]
47 119 [1]
47 59 [2]
47 90 [0]
9 47 [0]
27 47 [3]
85 119 [4]
100 119 [4]
28 119 [5]
25 119 [3]
97 109 [5]
59 97 [5]
97 120 [5]
97 114 [5]
1 97 [5]
85 109 [4]
75 109 [4]
109 117 [3]
66 109 [5]
59 85 [1]
59 86 [0]
59 78 [2]
3 59 [5]
46 85 [0]
19 85 [5]
39 85 [2]
14 95 [2]
92 95 [5]
33 95 [1]
32 95 [5]
82 95 [4]
95 102 [2]
14 80 [2]
8 14 [5]
14 116 [2]
14 112 [4]
14 61 [4]
80 92 [1]
91 92 [1]
90 92 [1]
69 92 [2]
48 92 [4]
80 118 [2]
80 100 [5]
11 80 [2]
80 121 [2]
8 33 [2]
33 91 [2]
33 120 [0]
33 60 [2]
5 33 [4]
8 118 [3]
8 75 [0]
8 23 [3]
8 103 [4]
91 118 [5]
86 91 [3]
89 91 [5]
49 91 [4]
46 118 [0]
17 118 [1]
43 118 [1]
32 116 [2]
32 90 [5]
32 120 [2]
12 32 [3]
32 123 [5]
100 116 [0]
75 116 [4]
38 116 [2]
79 116 [2]
90 100 [1]
86 90 [5]
63 90 [2]
7 90 [4]
46 100 [4]
70 100 [2]
22 100 [1]
75 120 [4]
86 120 [0]
113 120 [2]
67 120 [0]
46 75 [0]
73 75 [3]
44 75 [3]
46 86 [3]
62 86 [2]
64 86 [4]
46 105 [1]
29 46 [3]
18 107 [3]
18 126 [0]
18 36 [0]
18 58 [1]
18 82 [5]
18 104 [3]
107 124 [4]
88 107 [1]
107 111 [1]
107 112 [2]
31 107 [5]
124 126 [3]
50 126 [3]
9 126 [0]
69 126 [2]
52 126 [3]
108 124 [5]
28 124 [5]
11 124 [1]
10 124 [3]
36 88 [3]
36 50 [1]
36 114 [1]
36 60 [3]
36 83 [4]
88 108 [4]
88 117 [3]
23 88 [2]
57 88 [1]
50 108 [5]
50 78 [1]
50 89 [0]
50 76 [1]
19 108 [5]
17 108 [0]
72 108 [1]
58 111 [1]
9 58 [2]
58 114 [1]
12 58 [2]
58 101 [4]
28 111 [0]
111 117 [1]
38 111 [4]
24 111 [3]
9 28 [2]
9 78 [4]
9 63 [1]
9 15 [5]
19 28 [4]
28 70 [2]
28 45 [4]
114 117 [3]
78 114 [1]
113 114 [3]
93 114 [4]
19 117 [4]
73 117 [4]
6 117 [4]
19 78 [4]
62 78 [1]
54 78 [1]
19 105 [5]
13 19 [3]
82 112 [1]
69 82 [3]
60 82 [4]
12 82 [0]
53 82 [3]
11 112 [3]
23 112 [3]
38 112 [4]
51 112 [3]
11 69 [5]
69 89 [5]
63 69 [5]
65 69 [1]
11 17 [3]
11 70 [3]
11 34 [0]
23 60 [2]
60 89 [5]
60 113 [0]
60 84 [3]
17 23 [3]
23 73 [0]
23 55 [4]
17 89 [5]
62 89 [5]
26 89 [5]
17 105 [0]
17 68 [4]
12 38 [1]
12 63 [3]
12 113 [2]
12 99 [2]
38 70 [1]
38 73 [0]
2 38 [1]
63 70 [3]
62 63 [0]
63 77 [0]
70 105 [0]
70 98 [0]
73 113 [4]
62 113 [1]
4 113 [4]
73 105 [5]
16 73 [5]
62 105 [0]
56 62 [1]
105 125 [0]
122 127 [4]
21 127 [1]
41 127 [0]
115 127 [4]
102 127 [2]
104 127 [3]
96 122 [1]
74 122 [1]
42 122 [4]
61 122 [5]
31 122 [4]
21 96 [1]
21 94 [1]
21 27 [5]
21 48 [4]
21 52 [4]
81 96 [1]
25 96 [1]
96 121 [0]
10 96 [4]
41 74 [1]
41 94 [1]
1 41 [5]
5 41 [5]
41 83 [3]
74 81 [0]
66 74 [3]
74 103 [4]
57 74 [2]
81 94 [5]
3 94 [3]
49 94 [4]
76 94 [5]
39 81 [3]
43 81 [4]
72 81 [2]
42 115 [4]
27 115 [3]
1 115 [4]
115 123 [1]
101 115 [3]
25 42 [4]
42 66 [0]
42 79 [0]
24 42 [4]
25 27 [0]
3 27 [4]
7 27 [4]
15 27 [3]
25 39 [4]
22 25 [1]
25 45 [3]
1 66 [1]
1 3 [4]
1 67 [4]
1 93 [2]
39 66 [0]
44 66 [3]
6 66 [2]
3 39 [0]
3 64 [3]
3 54 [3]
29 39 [4]
13 39 [2]
61 102 [5]
48 102 [5]
5 102 [5]
102 123 [5]
53 102 [2]
61 121 [5]
61 103 [2]
61 79 [5]
51 61 [3]
48 121 [5]
48 49 [3]
7 48 [5]
48 65 [3]
43 121 [5]
22 121 [1]
34 121 [2]
5 103 [0]
5 49 [0]
5 67 [4]
5 84 [2]
43 103 [5]
44 103 [4]
55 103 [4]
43 49 [0]
49 64 [4]
26 49 [1]
29 43 [4]
43 68 [3]
79 123 [5]
7 123 [5]
67 123 [5]
99 123 [3]
22 79 [5]
44 79 [5]
2 79 [4]
7 22 [4]
7 64 [4]
7 77 [2]
22 29 [3]
22 98 [3]
44 67 [3]
64 67 [1]
4 67 [3]
29 44 [2]
16 44 [0]
29 64 [1]
56 64 [2]
29 125 [3]
31 104 [4]
52 104 [4]
83 104 [3]
101 104 [3]
53 104 [2]
10 31 [0]
31 57 [3]
24 31 [0]
31 51 [1]
10 52 [1]
52 76 [1]
15 52 [5]
52 65 [1]
10 72 [1]
10 45 [5]
10 34 [1]
57 83 [0]
76 83 [0]
83 93 [0]
83 84 [3]
57 72 [2]
6 57 [0]
55 57 [2]
72 76 [0]
54 76 [5]
26 76 [5]
13 72 [0]
68 72 [1]
24 101 [2]
15 101 [1]
93 101 [4]
99 101 [5]
24 45 [5]
6 24 [2]
2 24 [0]
15 45 [4]
15 54 [0]
15 77 [1]
13 45 [3]
45 98 [1]
6 93 [1]
54 93 [0]
4 93 [1]
6 13 [4]
6 16 [4]
13 54 [0]
54 56 [3]
13 125 [5]
51 53 [5]
53 65 [1]
53 84 [0]
53 99 [0]
34 51 [1]
51 55 [4]
2 51 [3]
34 65 [5]
26 65 [0]
65 77 [0]
34 68 [4]
34 98 [0]
55 84 [0]
26 84 [0]
4 84 [5]
55 68 [3]
16 55 [0]
26 68 [4]
26 56 [5]
68 125 [1]
2 99 [2]
77 99 [5]
4 99 [5]
2 98 [2]
2 16 [2]
77 98 [2]
56 77 [0]
98 125 [0]
4 16 [1]
4 56 [0]
16 125 [5]
56 125 [0]
