<<<<<<< HEAD
# cathegory: solved
# problem: no problem
# numcrossings:9
32
3
0
5
8
11
13
21
29
6
16
15
1
14
25
9
12
17
24
7
10
2
28
23
20
18
27
31
22
19
30
4
26
3
18 27 [0]
21 30 [1]
12 24 [2]
20 30 [2]
16 19 [1]
22 31 [2]
20 23 [1]
1 15 [1]
5 8 [2]
2 10 [0]
1 29 [2]
17 24 [0]
23 28 [1]
4 21 [1]
8 14 [0]
12 27 [1]
25 31 [1]
10 17 [1]
25 29 [2]
6 16 [0]
11 16 [0]
11 13 [1]
14 16 [1]
23 31 [0]
11 27 [2]
9 14 [0]
18 20 [2]
6 11 [0]
5 13 [1]
7 28 [0]
23 30 [0]
1 25 [2]
4 30 [0]
8 20 [2]
10 24 [1]
4 24 [0]
19 28 [0]
8 27 [2]
10 21 [2]
8 11 [2]
27 31 [2]
15 16 [1]
13 21 [1]
6 29 [0]
6 27 [1]
11 15 [0]
13 26 [1]
19 31 [2]
2 28 [0]
14 19 [1]
9 12 [0]
21 25 [2]
20 31 [0]
8 12 [0]
9 23 [1]
16 30 [1]
5 17 [0]
0 5 [2]
=======
# cathegory: solved
# problem: no problem
# numcrossings:9
32
3
0
5
8
11
13
21
29
6
16
15
1
14
25
9
12
17
24
7
10
2
28
23
20
18
27
31
22
19
30
4
26
3
18 27 [0]
21 30 [1]
12 24 [2]
20 30 [2]
16 19 [1]
22 31 [2]
20 23 [1]
1 15 [1]
5 8 [2]
2 10 [0]
1 29 [2]
17 24 [0]
23 28 [1]
4 21 [1]
8 14 [0]
12 27 [1]
25 31 [1]
10 17 [1]
25 29 [2]
6 16 [0]
11 16 [0]
11 13 [1]
14 16 [1]
23 31 [0]
11 27 [2]
9 14 [0]
18 20 [2]
6 11 [0]
5 13 [1]
7 28 [0]
23 30 [0]
1 25 [2]
4 30 [0]
8 20 [2]
10 24 [1]
4 24 [0]
19 28 [0]
8 27 [2]
10 21 [2]
8 11 [2]
27 31 [2]
15 16 [1]
13 21 [1]
6 29 [0]
6 27 [1]
11 15 [0]
13 26 [1]
19 31 [2]
2 28 [0]
14 19 [1]
9 12 [0]
21 25 [2]
20 31 [0]
8 12 [0]
9 23 [1]
16 30 [1]
5 17 [0]
0 5 [2]
>>>>>>> b50232f3a085dc757a9ad9bca3296ab85afa06da
