1 0 9
1 1 11
1 2 13
1 3 9
1 4 9
1 5 9
1 6 9
1 7 9
1 8 9
1 9 9
2 0 3
2 1 1
2 2 2
2 3 0
2 4 9
2 5 2
2 6 1
2 7 0
2 8 4
2 9 1
3 0 103
3 1 116
3 2 125
3 3 119
3 4 124
3 5 100
3 6 119
3 7 123
3 8 115
3 9 113
4 0 4
4 1 4
4 2 3
4 3 4
4 4 4
4 5 8
4 6 3
4 7 2
4 8 7
4 9 11
5 0 6
5 1 14
5 2 6
5 3 12
5 4 16
5 5 10
5 6 14
5 7 12
5 8 7
5 9 19
6 0 359
6 1 365
6 2 362
6 3 387
6 4 320
6 5 321
6 6 390
6 7 374
6 8 276
6 9 399
7 0 16365
7 1 14599
7 2 15610
7 3 15401
7 4 14585
7 5 15228
7 6 15934
7 7 14531
7 8 14665
7 9 14962
8 0 3910
8 1 3572
8 2 3465
8 3 3997
8 4 3986
8 5 3715
8 6 3780
8 7 4122
8 8 3974
8 9 3711
9 0 2791
9 1 2338
9 2 2598
9 3 2691
9 4 2241
9 5 2526
9 6 2681
9 7 2412
9 8 2401
9 9 2388
10 0 7489
10 1 7390
10 2 7514
10 3 7396
10 4 7426
10 5 7152
10 6 7269
10 7 7590
10 8 7397
10 9 7373
11 0 8043745
11 1 8050090
