# cathegory: solved
# problem: no problem
# numcrossings:531
128
6
0
14
8
23
17
11
116
34
53
65
69
62
56
63
54
76
72
68
55
57
74
81
92
94
87
91
86
90
64
67
44
29
22
25
27
21
30
35
20
33
60
82
95
102
123
127
115
122
96
80
61
121
7
110
106
100
88
107
109
111
117
114
120
97
71
58
18
36
47
59
50
83
78
9
15
45
28
19
16
13
6
4
84
93
101
77
99
98
125
105
73
75
46
85
119
40
37
108
124
126
113
10
31
24
42
66
39
3
1
5
49
41
48
52
43
103
51
79
38
2
104
12
32
112
118
26
70
89
0 35 [3]
30 35 [0]
20 35 [0]
35 71 [4]
35 95 [5]
18 35 [4]
35 127 [5]
0 40 [5]
0 106 [2]
0 110 [2]
0 14 [0]
0 107 [2]
0 122 [3]
30 40 [0]
30 87 [2]
30 47 [4]
30 92 [2]
30 126 [1]
21 30 [0]
37 40 [0]
40 119 [0]
40 80 [1]
40 124 [4]
40 96 [1]
20 106 [4]
20 87 [2]
20 97 [4]
20 33 [0]
20 36 [4]
20 41 [1]
37 106 [1]
106 109 [0]
8 106 [2]
88 106 [0]
74 106 [2]
37 87 [0]
59 87 [5]
87 91 [0]
50 87 [5]
87 94 [0]
37 85 [2]
37 118 [5]
37 108 [0]
37 81 [0]
71 110 [4]
47 71 [3]
71 97 [0]
32 71 [2]
58 71 [0]
71 115 [4]
110 119 [1]
109 110 [0]
110 116 [2]
110 111 [0]
42 110 [3]
47 119 [3]
47 59 [4]
47 90 [5]
9 47 [4]
27 47 [4]
85 119 [0]
100 119 [1]
28 119 [3]
25 119 [0]
97 109 [4]
59 97 [3]
97 120 [0]
97 114 [0]
1 97 [3]
85 109 [1]
75 109 [1]
109 117 [4]
66 109 [3]
59 85 [3]
59 86 [5]
59 78 [4]
3 59 [3]
46 85 [0]
19 85 [3]
39 85 [2]
14 95 [3]
92 95 [2]
33 95 [2]
32 95 [3]
82 95 [0]
95 102 [0]
14 80 [2]
8 14 [0]
14 116 [4]
14 112 [0]
14 61 [2]
80 92 [2]
91 92 [1]
90 92 [1]
69 92 [1]
48 92 [4]
80 118 [3]
80 100 [1]
11 80 [2]
80 121 [0]
8 33 [3]
33 91 [2]
33 120 [4]
33 60 [0]
5 33 [1]
8 118 [0]
8 75 [5]
8 23 [0]
8 103 [1]
91 118 [1]
86 91 [0]
89 91 [1]
49 91 [4]
46 118 [5]
17 118 [0]
43 118 [4]
32 116 [0]
32 90 [1]
32 120 [2]
12 32 [0]
32 123 [3]
100 116 [2]
75 116 [5]
38 116 [0]
79 116 [0]
90 100 [5]
86 90 [0]
63 90 [3]
7 90 [5]
46 100 [1]
70 100 [2]
22 100 [5]
75 120 [1]
86 120 [5]
113 120 [3]
67 120 [5]
46 75 [0]
73 75 [0]
44 75 [0]
46 86 [0]
62 86 [3]
64 86 [0]
46 105 [3]
29 46 [0]
18 107 [5]
18 126 [3]
18 36 [0]
18 58 [0]
18 82 [4]
18 104 [2]
107 124 [1]
88 107 [0]
107 111 [2]
107 112 [2]
31 107 [3]
124 126 [0]
50 126 [3]
9 126 [3]
69 126 [0]
52 126 [2]
108 124 [0]
28 124 [3]
11 124 [5]
10 124 [5]
36 88 [5]
36 50 [0]
36 114 [0]
36 60 [4]
36 83 [1]
88 108 [1]
88 117 [4]
23 88 [2]
57 88 [5]
50 108 [3]
50 78 [0]
50 89 [2]
50 76 [5]
19 108 [3]
17 108 [5]
72 108 [0]
58 111 [5]
9 58 [1]
58 114 [0]
12 58 [2]
58 101 [1]
28 111 [0]
111 117 [0]
38 111 [3]
24 111 [3]
9 28 [0]
9 78 [1]
9 63 [5]
9 15 [0]
19 28 [0]
28 70 [2]
28 45 [0]
114 117 [0]
78 114 [0]
113 114 [3]
93 114 [0]
19 117 [0]
73 117 [1]
6 117 [0]
19 78 [0]
62 78 [5]
54 78 [5]
19 105 [3]
13 19 [1]
82 112 [3]
69 82 [3]
60 82 [0]
12 82 [3]
53 82 [3]
11 112 [0]
23 112 [0]
38 112 [1]
51 112 [4]
11 69 [1]
69 89 [4]
63 69 [1]
65 69 [0]
11 17 [0]
11 70 [4]
11 34 [1]
23 60 [3]
60 89 [3]
60 113 [1]
60 84 [0]
17 23 [0]
23 73 [5]
23 55 [1]
17 89 [4]
62 89 [4]
26 89 [0]
17 105 [5]
17 68 [1]
12 38 [1]
12 63 [4]
12 113 [5]
12 99 [2]
38 70 [1]
38 73 [2]
2 38 [0]
63 70 [4]
62 63 [1]
63 77 [5]
70 105 [5]
70 98 [5]
73 113 [4]
62 113 [0]
4 113 [4]
73 105 [0]
16 73 [3]
62 105 [5]
56 62 [0]
105 125 [0]
122 127 [2]
21 127 [5]
41 127 [1]
115 127 [0]
102 127 [2]
104 127 [3]
96 122 [0]
74 122 [2]
42 122 [1]
61 122 [4]
31 122 [1]
21 96 [5]
21 94 [3]
21 27 [0]
21 48 [1]
21 52 [1]
81 96 [2]
25 96 [5]
96 121 [0]
10 96 [1]
41 74 [4]
41 94 [4]
1 41 [0]
5 41 [0]
41 83 [2]
74 81 [0]
66 74 [0]
74 103 [4]
57 74 [0]
81 94 [0]
3 94 [4]
49 94 [4]
76 94 [3]
39 81 [0]
43 81 [4]
72 81 [3]
42 115 [1]
27 115 [5]
1 115 [1]
115 123 [0]
101 115 [0]
25 42 [4]
42 66 [0]
42 79 [5]
24 42 [0]
25 27 [0]
3 27 [4]
7 27 [5]
15 27 [4]
25 39 [4]
22 25 [0]
25 45 [4]
1 66 [5]
1 3 [0]
1 67 [4]
1 93 [2]
39 66 [0]
44 66 [4]
6 66 [4]
3 39 [0]
3 64 [4]
3 54 [0]
29 39 [4]
13 39 [4]
61 102 [4]
48 102 [1]
5 102 [1]
102 123 [0]
53 102 [2]
61 121 [0]
61 103 [3]
61 79 [3]
51 61 [3]
48 121 [3]
48 49 [3]
7 48 [3]
48 65 [0]
43 121 [3]
22 121 [5]
34 121 [2]
5 103 [5]
5 49 [0]
5 67 [4]
5 84 [2]
43 103 [0]
44 103 [1]
55 103 [4]
43 49 [5]
49 64 [4]
26 49 [5]
29 43 [1]
43 68 [4]
79 123 [3]
7 123 [0]
67 123 [0]
99 123 [0]
22 79 [1]
44 79 [1]
2 79 [4]
7 22 [5]
7 64 [5]
7 77 [0]
22 29 [0]
22 98 [0]
44 67 [0]
64 67 [0]
4 67 [4]
29 44 [0]
16 44 [4]
29 64 [2]
56 64 [3]
29 125 [0]
31 104 [5]
52 104 [2]
83 104 [2]
101 104 [2]
53 104 [0]
10 31 [0]
31 57 [0]
24 31 [0]
31 51 [5]
10 52 [2]
52 76 [0]
15 52 [2]
52 65 [0]
10 72 [0]
10 45 [4]
10 34 [0]
57 83 [5]
76 83 [5]
83 93 [1]
83 84 [2]
57 72 [3]
6 57 [5]
55 57 [0]
72 76 [0]
54 76 [0]
26 76 [4]
13 72 [5]
68 72 [0]
24 101 [4]
15 101 [1]
93 101 [0]
99 101 [2]
24 45 [4]
6 24 [4]
2 24 [5]
15 45 [0]
15 54 [5]
15 77 [1]
13 45 [1]
45 98 [1]
6 93 [1]
54 93 [5]
4 93 [3]
6 13 [0]
6 16 [0]
13 54 [5]
54 56 [0]
13 125 [3]
51 53 [0]
53 65 [0]
53 84 [5]
53 99 [5]
34 51 [0]
51 55 [4]
2 51 [4]
34 65 [1]
26 65 [4]
65 77 [5]
34 68 [2]
34 98 [5]
55 84 [5]
26 84 [2]
4 84 [0]
55 68 [0]
16 55 [5]
26 68 [4]
26 56 [4]
68 125 [0]
2 99 [2]
77 99 [0]
4 99 [3]
2 98 [2]
2 16 [2]
77 98 [1]
56 77 [5]
98 125 [0]
4 16 [2]
4 56 [5]
16 125 [3]
56 125 [5]
