# cathegory: solved
# problem: no problem
# numcrossings:488
32
3
0
1
2
3
4
5
6
7
8
9
10
11
12
13
14
15
16
17
18
19
20
21
22
23
24
25
26
27
28
29
30
31
18 27 [1]
21 30 [0]
12 24 [2]
20 30 [0]
16 19 [2]
22 31 [0]
20 23 [1]
1 15 [0]
5 8 [2]
2 10 [2]
1 29 [1]
17 24 [1]
23 28 [0]
4 21 [2]
8 14 [0]
12 27 [1]
25 31 [2]
10 17 [2]
25 29 [0]
6 16 [0]
11 16 [1]
11 13 [1]
14 16 [2]
23 31 [0]
11 27 [1]
9 14 [0]
18 20 [0]
6 11 [1]
5 13 [0]
7 28 [1]
23 30 [0]
1 25 [2]
4 30 [1]
8 20 [0]
10 24 [2]
4 24 [2]
19 28 [1]
8 27 [1]
10 21 [2]
8 11 [1]
27 31 [2]
15 16 [0]
13 21 [2]
6 29 [1]
6 27 [1]
11 15 [1]
13 26 [1]
19 31 [0]
2 28 [1]
14 19 [2]
9 12 [0]
21 25 [1]
20 31 [0]
8 12 [0]
9 23 [2]
16 30 [0]
5 17 [0]
0 5 [0]
