# cathegory: solved
# problem: no problem
# numcrossings:5400
500
2
0
1
36
93
73
92
63
22
7
229
228
195
107
124
343
208
194
134
209
262
437
376
461
355
329
337
305
172
72
304
342
457
499
498
459
458
336
328
375
485
480
481
417
416
384
232
295
184
161
88
89
160
202
203
33
173
6
3
14
287
286
301
300
283
345
433
453
452
344
282
120
455
432
454
96
71
385
410
294
233
185
411
484
448
80
76
28
50
29
51
74
121
75
70
4
8
53
58
56
69
13
131
188
186
213
187
130
381
474
475
479
245
247
244
212
68
478
380
422
246
423
163
59
298
279
492
276
405
404
322
382
383
390
277
223
164
143
165
103
112
114
98
256
333
332
408
222
153
115
39
317
316
396
397
338
487
26
94
196
409
137
135
110
154
129
46
25
239
280
238
101
65
48
47
302
281
388
303
54
44
16
126
78
330
435
434
490
108
79
127
216
331
386
442
443
67
440
420
421
387
413
412
372
373
242
85
66
30
117
157
181
180
230
250
251
327
319
17
318
363
116
174
168
362
472
473
441
326
175
156
52
189
19
231
169
341
346
347
340
271
269
241
268
192
178
193
210
236
237
243
119
118
84
91
151
62
150
323
278
18
182
145
183
226
258
227
254
259
359
358
113
255
177
261
144
176
211
260
310
428
140
31
142
311
55
15
204
179
240
105
431
270
221
190
104
370
371
109
138
205
315
399
398
314
430
325
415
414
220
191
24
324
218
219
102
90
429
366
367
379
152
141
378
61
321
438
439
320
139
42
60
217
491
45
43
49
389
27
257
34
5
339
483
111
122
123
100
38
467
466
284
155
147
365
253
252
285
352
400
9
167
86
335
464
465
496
334
200
166
87
201
309
353
377
401
450
451
308
41
95
99
136
197
486
460
35
497
40
128
20
364
488
489
146
482
64
125
263
436
444
456
493
391
21
106
445
23
299
199
158
162
476
272
235
360
361
463
462
477
148
234
57
273
159
198
149
395
354
11
2
133
170
82
77
215
225
266
446
447
132
265
374
313
312
275
206
83
171
224
214
288
32
264
290
293
292
267
407
403
357
356
418
424
425
419
406
402
291
306
307
393
348
392
470
471
349
249
207
495
494
81
248
296
274
351
427
426
297
289
350
449
37
10
394
469
468
97
12
368
369
199 299 [0]
8 395 [0]
162 476 [0]
206 312 [1]
305 337 [0]
3 6 [0]
4 468 [0]
354 395 [0]
14 287 [0]
88 286 [0]
375 485 [0]
1 93 [1]
8 149 [0]
8 53 [0]
115 332 [1]
6 89 [0]
233 481 [0]
2 11 [0]
63 92 [0]
36 199 [1]
0 149 [1]
355 461 [0]
303 355 [1]
115 408 [1]
25 239 [0]
16 126 [0]
127 386 [0]
178 269 [1]
66 85 [0]
117 189 [0]
27 257 [0]
110 309 [0]
135 137 [0]
7 22 [0]
383 390 [0]
125 263 [0]
325 415 [0]
16 44 [0]
54 303 [0]
41 95 [0]
95 285 [0]
147 284 [0]
82 394 [1]
50 133 [0]
70 469 [0]
30 117 [0]
30 242 [0]
18 359 [1]
32 374 [0]
10 80 [0]
202 485 [1]
34 155 [1]
285 400 [1]
86 451 [0]
36 93 [0]
1 36 [0]
1 375 [0]
27 65 [0]
48 483 [0]
5 339 [0]
9 167 [0]
35 201 [1]
35 377 [1]
42 241 [0]
42 439 [1]
43 45 [0]
240 431 [0]
15 398 [0]
109 371 [0]
111 122 [0]
100 467 [1]
47 101 [1]
47 48 [0]
48 281 [0]
49 388 [0]
50 469 [0]
50 75 [0]
29 345 [1]
52 157 [0]
52 441 [1]
59 443 [1]
16 54 [0]
44 54 [0]
44 399 [1]
53 163 [1]
59 131 [0]
69 159 [0]
53 58 [0]
56 58 [0]
163 474 [1]
193 219 [0]
119 193 [1]
118 243 [0]
279 299 [1]
106 298 [0]
7 369 [0]
47 239 [1]
64 101 [1]
38 123 [0]
66 363 [1]
326 441 [0]
19 189 [0]
188 475 [1]
380 422 [0]
69 131 [1]
70 75 [0]
70 121 [1]
433 453 [0]
229 369 [0]
12 328 [0]
12 73 [0]
51 74 [0]
29 121 [0]
29 75 [0]
313 449 [1]
28 449 [0]
81 133 [0]
331 435 [1]
127 216 [0]
373 434 [0]
76 80 [0]
28 448 [1]
28 83 [0]
77 82 [0]
132 446 [0]
83 275 [0]
84 237 [0]
119 243 [0]
85 420 [1]
9 352 [1]
86 167 [0]
128 335 [1]
88 161 [0]
88 481 [1]
89 160 [0]
140 260 [0]
90 102 [0]
91 183 [0]
12 368 [0]
73 92 [0]
73 93 [0]
39 317 [0]
26 316 [0]
99 136 [0]
51 345 [1]
96 452 [1]
184 433 [0]
98 114 [0]
256 487 [1]
99 197 [0]
100 123 [0]
38 100 [0]
38 238 [0]
236 255 [0]
145 259 [1]
143 164 [0]
138 205 [0]
221 371 [0]
220 270 [1]
106 279 [0]
106 493 [1]
277 444 [0]
45 108 [0]
79 108 [0]
321 413 [0]
365 489 [1]
147 489 [1]
111 466 [1]
103 112 [0]
31 142 [0]
182 366 [0]
94 338 [0]
39 114 [1]
39 115 [0]
52 181 [0]
17 180 [1]
117 157 [0]
118 237 [0]
84 118 [0]
84 119 [1]
283 300 [0]
283 301 [0]
121 301 [1]
122 482 [1]
65 122 [0]
65 123 [0]
72 172 [0]
124 343 [0]
134 194 [0]
330 435 [0]
78 126 [0]
127 331 [0]
87 166 [0]
110 465 [0]
110 252 [0]
130 381 [0]
245 475 [1]
131 423 [0]
82 215 [1]
77 215 [0]
77 170 [0]
209 445 [1]
23 209 [1]
376 437 [0]
95 136 [1]
41 136 [1]
41 377 [1]
138 370 [1]
109 324 [1]
109 372 [0]
112 311 [1]
31 311 [0]
31 165 [1]
112 142 [1]
103 142 [1]
103 153 [0]
176 211 [0]
177 429 [0]
177 255 [0]
111 467 [1]
46 146 [0]
46 147 [0]
69 463 [0]
148 273 [0]
198 272 [1]
391 405 [0]
62 150 [0]
62 323 [0]
141 152 [0]
143 165 [0]
153 222 [0]
129 154 [0]
364 488 [0]
155 365 [1]
156 251 [0]
181 319 [1]
157 319 [1]
462 477 [0]
235 360 [0]
159 361 [1]
33 203 [0]
411 480 [0]
161 384 [0]
58 162 [0]
56 162 [0]
56 163 [1]
223 378 [1]
223 367 [1]
165 367 [1]
166 465 [0]
200 497 [1]
167 335 [1]
168 174 [0]
175 473 [0]
231 327 [0]
133 170 [0]
81 170 [0]
81 292 [1]
172 229 [0]
228 304 [0]
329 342 [0]
66 362 [1]
116 174 [0]
327 363 [0]
176 219 [0]
176 218 [0]
102 210 [0]
178 438 [0]
241 268 [0]
179 341 [1]
250 318 [1]
180 230 [0]
156 181 [0]
182 254 [1]
18 182 [0]
183 226 [0]
161 184 [0]
97 184 [0]
97 385 [0]
186 423 [0]
68 244 [1]
187 213 [0]
59 188 [1]
188 443 [1]
67 440 [0]
104 190 [0]
190 221 [0]
24 415 [0]
178 192 [0]
60 192 [0]
193 269 [1]
329 457 [1]
107 456 [1]
107 195 [0]
94 397 [0]
26 317 [0]
26 487 [0]
149 198 [0]
0 198 [1]
0 199 [1]
166 496 [0]
87 200 [1]
87 309 [0]
89 202 [0]
160 202 [0]
160 203 [1]
55 431 [1]
204 315 [0]
325 430 [0]
83 206 [0]
206 275 [0]
171 288 [0]
194 208 [0]
134 457 [0]
134 262 [0]
177 210 [0]
210 429 [0]
144 211 [1]
212 247 [0]
68 245 [1]
68 213 [0]
207 249 [0]
132 307 [0]
215 447 [1]
108 216 [1]
79 216 [1]
79 373 [0]
102 218 [1]
90 218 [1]
90 219 [1]
191 220 [0]
24 414 [0]
24 221 [1]
143 409 [1]
164 409 [0]
164 223 [0]
214 224 [0]
248 293 [1]
291 357 [0]
18 226 [0]
226 358 [0]
227 359 [0]
228 343 [1]
124 228 [1]
124 229 [1]
156 230 [0]
230 251 [0]
169 231 [0]
97 416 [0]
232 295 [0]
185 233 [0]
148 234 [0]
463 477 [0]
158 235 [1]
183 236 [0]
91 236 [0]
91 237 [0]
101 238 [0]
64 238 [0]
64 280 [0]
179 240 [0]
240 347 [1]
241 271 [1]
85 421 [1]
61 387 [0]
61 243 [0]
244 247 [0]
212 244 [0]
212 245 [1]
13 246 [0]
186 246 [0]
186 247 [0]
274 351 [0]
248 350 [0]
290 297 [1]
231 250 [0]
169 250 [0]
169 251 [0]
154 252 [0]
20 252 [1]
20 253 [1]
254 259 [0]
145 254 [1]
145 255 [1]
256 339 [0]
5 256 [0]
5 483 [1]
113 258 [0]
227 258 [0]
227 259 [0]
211 260 [0]
310 428 [0]
144 261 [0]
209 262 [0]
23 262 [1]
23 437 [1]
32 264 [0]
37 313 [1]
37 265 [1]
132 447 [0]
225 266 [0]
225 403 [0]
192 268 [0]
60 268 [0]
60 269 [0]
179 270 [0]
270 341 [1]
105 346 [1]
159 272 [1]
272 361 [1]
57 273 [0]
224 274 [1]
171 274 [1]
171 275 [1]
276 405 [0]
391 493 [0]
21 277 [0]
322 404 [0]
151 278 [0]
279 323 [1]
239 280 [0]
25 280 [0]
25 389 [0]
71 344 [0]
120 282 [0]
283 453 [0]
155 284 [0]
34 284 [1]
34 285 [1]
6 286 [1]
3 286 [1]
3 287 [0]
224 288 [0]
214 288 [0]
214 426 [1]
290 307 [1]
290 349 [1]
293 306 [1]
292 494 [1]
402 418 [0]
291 293 [1]
233 411 [1]
185 294 [0]
385 410 [0]
248 351 [1]
296 427 [0]
289 297 [0]
7 298 [1]
22 298 [1]
22 299 [1]
51 300 [1]
74 300 [1]
74 301 [1]
281 302 [0]
49 389 [0]
49 303 [0]
172 304 [0]
72 304 [0]
72 305 [1]
306 349 [1]
306 471 [1]
307 470 [1]
35 353 [1]
201 353 [1]
201 309 [0]
260 310 [0]
140 310 [0]
140 311 [0]
32 312 [0]
264 312 [0]
264 313 [0]
55 314 [0]
15 399 [0]
15 315 [0]
94 396 [0]
196 316 [0]
317 397 [1]
180 318 [1]
17 318 [0]
17 319 [0]
42 320 [1]
139 320 [0]
321 439 [1]
322 383 [0]
322 382 [0]
151 323 [0]
138 324 [1]
205 324 [1]
205 325 [1]
326 473 [0]
175 326 [0]
175 327 [0]
305 499 [1]
328 458 [1]
329 337 [0]
126 330 [1]
78 330 [0]
78 331 [1]
99 332 [0]
332 486 [0]
197 333 [0]
200 334 [0]
40 334 [1]
464 497 [1]
328 499 [0]
173 498 [1]
173 337 [1]
114 338 [1]
98 338 [1]
98 339 [0]
271 340 [0]
105 347 [1]
105 341 [1]
107 342 [0]
195 342 [0]
195 343 [0]
282 344 [0]
96 432 [1]
96 345 [1]
271 346 [0]
340 346 [0]
340 347 [0]
348 393 [0]
348 392 [0]
207 349 [1]
350 427 [0]
296 350 [0]
296 351 [0]
86 450 [0]
308 401 [1]
353 451 [0]
287 354 [0]
14 354 [0]
14 355 [1]
356 425 [1]
356 495 [0]
403 495 [0]
258 358 [0]
113 358 [0]
113 359 [1]
273 360 [0]
57 360 [0]
57 361 [1]
362 472 [0]
116 362 [1]
116 363 [0]
20 364 [0]
253 364 [1]
253 365 [0]
141 366 [0]
366 379 [0]
367 379 [0]
92 368 [0]
63 368 [0]
63 369 [0]
190 370 [1]
104 370 [0]
104 371 [0]
321 412 [0]
217 372 [0]
373 413 [1]
37 374 [1]
265 374 [0]
265 375 [0]
376 461 [0]
137 376 [1]
377 460 [1]
141 378 [0]
152 378 [1]
152 379 [0]
213 380 [0]
187 380 [1]
187 478 [0]
151 382 [1]
278 382 [1]
278 383 [1]
232 384 [0]
384 417 [0]
385 417 [0]
30 386 [0]
242 386 [0]
242 421 [1]
281 388 [0]
302 388 [1]
302 389 [0]
277 390 [0]
21 390 [0]
21 391 [0]
207 392 [0]
249 392 [0]
249 471 [0]
11 394 [1]
4 394 [0]
4 395 [0]
316 396 [0]
196 396 [0]
196 397 [0]
55 398 [0]
314 398 [0]
314 399 [1]
9 400 [0]
352 400 [0]
352 401 [0]
291 402 [0]
357 402 [0]
357 403 [0]
62 404 [1]
150 404 [1]
150 492 [1]
292 419 [1]
267 419 [1]
267 407 [0]
153 408 [1]
222 408 [0]
222 409 [0]
185 410 [0]
294 410 [0]
294 411 [1]
372 412 [0]
217 412 [0]
217 413 [0]
220 414 [0]
191 414 [0]
191 415 [0]
232 416 [1]
295 416 [1]
295 417 [1]
356 424 [1]
406 418 [0]
419 425 [0]
61 420 [0]
387 420 [0]
387 421 [0]
246 422 [0]
13 422 [0]
13 423 [0]
418 424 [0]
406 424 [0]
406 425 [0]
297 426 [0]
289 426 [0]
289 427 [0]
144 428 [1]
261 428 [1]
261 429 [0]
315 430 [1]
204 430 [0]
204 431 [0]
432 454 [0]
432 455 [0]
433 455 [1]
434 490 [0]
434 491 [0]
435 491 [0]
125 436 [0]
263 445 [1]
263 437 [1]
320 438 [0]
139 438 [0]
139 439 [1]
189 442 [1]
19 440 [1]
19 441 [1]
440 442 [0]
67 442 [0]
67 443 [0]
125 444 [0]
436 444 [0]
436 445 [1]
225 446 [0]
266 446 [0]
266 447 [1]
448 484 [0]
76 448 [1]
76 449 [0]
401 450 [0]
308 450 [1]
308 451 [0]
282 452 [0]
120 452 [1]
120 453 [0]
344 454 [1]
71 454 [0]
71 455 [0]
194 456 [1]
208 456 [1]
208 457 [0]
173 458 [1]
336 458 [0]
336 459 [0]
137 460 [0]
135 460 [0]
135 461 [1]
148 462 [1]
234 462 [1]
234 463 [1]
335 464 [0]
128 464 [1]
128 465 [1]
46 466 [0]
146 466 [1]
146 467 [1]
11 468 [1]
2 468 [1]
2 469 [1]
348 470 [1]
393 470 [1]
393 471 [0]
174 472 [0]
168 472 [0]
168 473 [0]
381 474 [0]
474 479 [0]
475 479 [0]
235 476 [0]
158 476 [1]
158 477 [1]
381 478 [1]
130 478 [1]
130 479 [0]
203 480 [1]
33 480 [1]
33 481 [1]
27 482 [1]
257 482 [1]
257 483 [0]
80 484 [0]
10 484 [0]
10 485 [0]
197 486 [0]
333 486 [0]
333 487 [1]
154 488 [0]
129 488 [0]
129 489 [0]
45 490 [0]
43 490 [0]
43 491 [1]
405 492 [1]
276 492 [1]
276 493 [0]
267 494 [0]
407 494 [0]
407 495 [0]
334 496 [0]
40 496 [1]
40 497 [0]
336 498 [0]
459 498 [0]
459 499 [0]
102 429 [0]
141 379 [0]
230 250 [0]
111 123 [1]
312 449 [1]
24 325 [0]
337 498 [1]
183 227 [1]
320 439 [0]
279 492 [1]
241 438 [0]
246 423 [0]
450 451 [0]
101 280 [1]
56 69 [0]
171 224 [0]
51 301 [1]
75 121 [0]
290 470 [1]
321 341 [0]
232 417 [1]
229 304 [0]
250 251 [0]
239 302 [1]
446 447 [0]
466 467 [0]
462 463 [0]
420 421 [0]
96 454 [0]
300 301 [0]
356 419 [1]
233 294 [0]
132 291 [0]
383 405 [0]
248 296 [0]
15 55 [0]
228 229 [0]
60 178 [0]
138 325 [1]
165 366 [1]
178 241 [1]
45 491 [0]
444 456 [0]
226 258 [0]
218 219 [0]
458 499 [1]
312 313 [0]
116 472 [0]
9 401 [0]
250 327 [1]
197 332 [0]
221 270 [0]
279 298 [0]
148 360 [0]
150 323 [0]
143 223 [1]
390 405 [0]
188 245 [1]
20 488 [1]
6 329 [1]
66 116 [1]
276 279 [0]
206 449 [1]
200 496 [0]
308 353 [1]
171 312 [1]
122 123 [0]
20 154 [0]
270 414 [1]
191 270 [1]
180 250 [1]
263 436 [0]
157 189 [0]
48 302 [0]
75 469 [0]
181 230 [0]
80 448 [0]
190 371 [0]
123 467 [1]
169 327 [0]
283 345 [0]
334 497 [1]
71 432 [0]
53 188 [1]
229 456 [1]
307 393 [0]
86 335 [0]
166 200 [0]
110 400 [0]
24 370 [1]
108 491 [0]
152 367 [1]
98 256 [0]
69 477 [0]
424 425 [0]
66 157 [1]
414 415 [0]
360 361 [0]
25 129 [1]
40 465 [1]
88 89 [0]
97 417 [0]
382 383 [0]
152 223 [1]
213 479 [0]
110 135 [0]
356 418 [0]
4 11 [0]
6 337 [1]
81 293 [1]
246 380 [0]
405 493 [0]
356 357 [0]
366 367 [0]
119 237 [0]
135 377 [0]
12 92 [0]
12 63 [0]
465 496 [0]
282 455 [1]
458 459 [0]
298 299 [0]
404 492 [1]
25 302 [1]
96 344 [1]
224 426 [1]
213 475 [0]
26 333 [1]
381 479 [0]
167 401 [0]
204 240 [1]
28 206 [0]
464 465 [0]
107 208 [0]
346 347 [0]
30 66 [0]
179 204 [0]
43 434 [0]
189 440 [1]
186 213 [0]
28 76 [0]
62 151 [0]
52 175 [1]
270 415 [1]
370 371 [0]
135 376 [1]
151 322 [1]
40 464 [1]
68 247 [0]
150 279 [1]
290 293 [0]
52 326 [1]
392 470 [0]
89 286 [0]
184 416 [1]
87 451 [1]
106 276 [0]
101 239 [1]
144 260 [1]
26 94 [0]
184 384 [0]
316 397 [1]
103 222 [0]
392 471 [0]
249 349 [0]
58 163 [1]
66 117 [1]
78 435 [0]
143 367 [1]
66 242 [0]
192 241 [1]
341 346 [0]
210 236 [0]
87 353 [1]
253 489 [1]
26 396 [0]
227 254 [0]
154 389 [0]
61 440 [0]
105 240 [0]
208 342 [0]
325 370 [1]
55 211 [0]
130 187 [0]
57 148 [0]
180 181 [0]
28 50 [0]
49 110 [0]
254 359 [1]
151 404 [1]
42 341 [0]
341 439 [0]
193 210 [0]
65 482 [0]
293 402 [1]
109 370 [1]
37 485 [0]
417 481 [0]
344 452 [0]
293 349 [1]
135 355 [1]
133 293 [0]
498 499 [0]
144 218 [0]
129 389 [0]
304 337 [1]
31 112 [1]
71 282 [0]
163 188 [1]
209 436 [1]
134 355 [0]
404 405 [0]
147 155 [0]
50 385 [1]
118 119 [0]
42 438 [1]
221 370 [1]
384 416 [0]
158 162 [0]
115 333 [1]
348 471 [0]
9 465 [1]
6 14 [1]
396 397 [0]
147 365 [0]
3 14 [0]
291 306 [0]
9 110 [0]
137 377 [0]
149 476 [1]
79 242 [0]
167 450 [0]
134 444 [1]
114 397 [1]
357 418 [0]
69 422 [0]
189 441 [1]
80 313 [0]
116 327 [0]
22 63 [0]
46 489 [0]
72 337 [1]
49 302 [0]
14 329 [1]
51 121 [0]
7 456 [1]
125 437 [1]
96 455 [1]
412 413 [0]
165 255 [1]
218 429 [1]
65 238 [0]
345 453 [0]
235 361 [1]
157 181 [0]
129 364 [0]
358 359 [0]
65 101 [0]
115 317 [0]
31 428 [1]
108 434 [1]
82 170 [0]
480 481 [0]
215 225 [0]
210 255 [0]
184 301 [0]
68 212 [0]
108 373 [0]
76 313 [0]
108 331 [1]
458 498 [1]
291 446 [0]
17 181 [1]
35 135 [0]
221 372 [1]
349 471 [0]
129 253 [0]
134 456 [1]
21 405 [0]
422 474 [1]
453 455 [0]
183 258 [1]
361 463 [0]
88 384 [0]
385 481 [0]
109 138 [0]
293 350 [1]
452 453 [0]
275 312 [0]
329 355 [0]
96 453 [1]
290 392 [1]
69 361 [0]
107 124 [0]
179 415 [0]
49 355 [1]
31 255 [1]
24 270 [1]
69 158 [0]
182 359 [1]
87 465 [0]
109 221 [0]
69 162 [0]
92 299 [1]
252 285 [0]
260 428 [1]
342 457 [0]
53 162 [0]
88 160 [1]
49 135 [0]
171 293 [0]
407 419 [1]
384 481 [0]
380 474 [1]
194 457 [0]
420 441 [1]
411 481 [0]
226 359 [0]
93 199 [1]
63 299 [1]
29 51 [0]
322 405 [0]
357 495 [0]
207 290 [1]
356 407 [1]
338 397 [0]
328 485 [1]
85 473 [1]
148 158 [1]
215 266 [1]
31 140 [0]
145 183 [0]
158 360 [1]
55 204 [1]
103 409 [1]
11 133 [0]
313 374 [0]
15 204 [0]
193 237 [1]
317 333 [1]
87 201 [0]
282 453 [0]
107 343 [0]
355 457 [1]
403 446 [0]
102 219 [0]
170 494 [0]
0 4 [1]
148 463 [0]
37 80 [0]
42 346 [0]
38 65 [0]
44 211 [1]
188 423 [1]
85 242 [0]
410 485 [0]
235 272 [0]
301 433 [0]
267 292 [0]
353 377 [0]
468 469 [0]
110 285 [0]
193 236 [1]
130 213 [1]
265 485 [0]
357 446 [0]
23 445 [0]
55 399 [0]
216 331 [0]
19 420 [1]
127 242 [0]
93 299 [1]
66 327 [1]
331 491 [0]
34 253 [1]
441 473 [0]
170 292 [0]
236 237 [0]
6 173 [0]
148 477 [0]
213 246 [0]
140 428 [0]
198 476 [1]
167 465 [1]
215 403 [0]
309 465 [0]
10 37 [0]
211 399 [0]
156 327 [0]
144 429 [0]
132 306 [0]
13 131 [0]
144 176 [0]
133 469 [1]
102 193 [0]
68 475 [1]
335 465 [1]
163 422 [1]
270 372 [1]
27 483 [0]
47 302 [0]
420 473 [1]
164 408 [0]
215 494 [0]
7 229 [0]
253 285 [1]
52 189 [0]
294 480 [0]
73 299 [1]
8 476 [0]
48 65 [0]
116 473 [0]
164 222 [0]
31 177 [1]
316 317 [0]
39 103 [1]
245 247 [0]
209 444 [1]
233 385 [1]
213 247 [0]
403 407 [0]
116 175 [0]
145 227 [1]
332 333 [0]
321 372 [0]
398 399 [0]
34 257 [0]
337 499 [1]
49 154 [0]
27 48 [0]
301 453 [0]
219 269 [0]
377 401 [0]
480 485 [0]
252 253 [0]
16 324 [1]
69 163 [0]
474 475 [0]
294 485 [0]
41 285 [0]
385 484 [1]
51 283 [1]
89 173 [0]
274 296 [0]
83 133 [1]
34 111 [1]
145 366 [0]
205 315 [0]
176 347 [1]
77 494 [0]
173 485 [1]
87 464 [0]
83 171 [0]
402 425 [0]
345 433 [0]
2 133 [0]
205 430 [1]
131 188 [0]
338 487 [0]
258 359 [0]
67 299 [1]
13 69 [0]
145 182 [0]
98 487 [1]
202 203 [0]
103 115 [0]
50 83 [0]
188 474 [1]
41 352 [0]
39 397 [1]
176 340 [1]
204 325 [0]
277 378 [1]
21 444 [0]
107 229 [1]
255 366 [0]
174 473 [0]
285 333 [0]
79 127 [0]
5 34 [0]
274 427 [0]
341 372 [0]
133 171 [1]
61 178 [0]
215 407 [0]
4 8 [0]
173 202 [0]
418 425 [0]
23 263 [1]
319 327 [0]
145 236 [0]
17 250 [1]
61 321 [0]
264 374 [0]
171 248 [1]
28 484 [1]
29 385 [1]
205 399 [1]
155 253 [1]
29 50 [0]
420 440 [0]
137 223 [0]
307 471 [1]
47 65 [1]
416 417 [0]
88 301 [0]
97 433 [0]
69 198 [0]
112 388 [1]
308 377 [1]
178 193 [0]
54 188 [1]
34 483 [1]
328 375 [0]
42 271 [0]
177 261 [0]
251 327 [0]
88 203 [1]
137 164 [0]
304 329 [0]
285 352 [0]
297 350 [1]
132 375 [0]
82 133 [1]
242 413 [1]
16 386 [1]
290 350 [1]
103 143 [0]
233 410 [1]
126 324 [1]
161 301 [0]
240 341 [1]
269 271 [0]
172 305 [0]
69 272 [0]
108 490 [0]
426 427 [0]
26 338 [0]
284 466 [0]
369 499 [0]
110 201 [0]
380 478 [0]
197 285 [0]
219 340 [0]
289 350 [0]
99 408 [0]
31 103 [1]
66 319 [1]
32 297 [1]
98 483 [0]
242 373 [0]
272 476 [0]
0 8 [1]
57 463 [1]
48 114 [1]
451 464 [0]
111 482 [1]
114 483 [0]
306 307 [0]
219 271 [0]
73 328 [0]
345 455 [1]
0 299 [1]
304 342 [0]
391 456 [1]
307 374 [0]
41 137 [0]
224 427 [1]
55 347 [1]
86 464 [0]
46 129 [0]
223 437 [1]
385 433 [1]
48 112 [1]
99 285 [0]
277 437 [1]
7 493 [1]
61 438 [1]
41 401 [1]
110 154 [0]
332 408 [0]
186 188 [0]
111 284 [1]
203 481 [1]
456 493 [0]
29 433 [1]
103 165 [0]
173 328 [1]
8 355 [1]
321 387 [0]
438 439 [0]
241 269 [0]
21 456 [1]
177 428 [1]
134 376 [0]
112 281 [1]
298 493 [0]
60 241 [0]
193 243 [1]
223 277 [0]
292 425 [1]
242 387 [1]
50 484 [1]
372 373 [0]
292 402 [1]
115 153 [0]
280 467 [0]
38 467 [0]
301 395 [0]
16 205 [1]
339 483 [0]
178 243 [1]
126 435 [0]
4 70 [0]
200 464 [0]
195 228 [0]
91 151 [0]
0 215 [1]
10 385 [0]
135 201 [0]
171 351 [1]
137 437 [1]
134 209 [0]
286 287 [0]
4 121 [1]
372 413 [1]
16 399 [1]
387 413 [0]
229 305 [0]
54 355 [1]
59 299 [0]
286 395 [0]
292 293 [0]
385 485 [0]
286 301 [0]
125 277 [0]
0 1 [0]
112 114 [0]
0 36 [0]
44 140 [1]
315 399 [0]
121 395 [0]
1 447 [1]
189 386 [1]
134 437 [0]
211 347 [1]
202 480 [1]
156 175 [0]
4 469 [0]
95 99 [0]
256 333 [0]
52 156 [0]
32 290 [1]
147 466 [0]
347 431 [1]
32 171 [0]
1 215 [1]
133 394 [1]
262 437 [0]
0 69 [1]
290 374 [0]
91 226 [0]
44 260 [1]
286 354 [0]
22 369 [0]
30 189 [0]
126 331 [1]
103 114 [0]
53 355 [1]
299 443 [1]
321 438 [0]
93 375 [0]
188 442 [1]
204 415 [0]
14 395 [0]
146 280 [0]
99 137 [0]
238 280 [0]
215 394 [1]
229 499 [0]
228 342 [0]
85 362 [1]
73 375 [0]
38 280 [0]
188 386 [1]
132 265 [0]
25 46 [0]
188 247 [0]
32 214 [1]
137 408 [0]
34 482 [1]
474 478 [1]
17 327 [0]
0 131 [1]
0 59 [1]
214 297 [1]
126 386 [1]
91 440 [1]
132 374 [1]
0 394 [1]
188 355 [1]
63 328 [0]
1 132 [1]
54 386 [1]
331 386 [0]
243 440 [1]
32 288 [0]
442 443 [0]
355 395 [1]
34 256 [0]
134 461 [0]
18 383 [1]
168 362 [0]
151 279 [1]
151 440 [1]
277 366 [1]
91 243 [1]
237 243 [0]
151 299 [1]
362 473 [1]
34 333 [0]
63 499 [0]
41 99 [1]
53 476 [0]
386 442 [0]
303 388 [0]
18 91 [0]
299 440 [1]
366 378 [0]
18 151 [0]
112 303 [1]
18 278 [0]
372 434 [0]
46 280 [0]
54 112 [1]
18 366 [0]
112 140 [1]
18 277 [1]
324 372 [0]
434 435 [0]
126 372 [0]
54 140 [1]
277 383 [1]
126 434 [0]
