# cathegory: solved
# problem: no problem
# numcrossings:1102
20
4
0
1
2
3
4
5
6
7
8
9
10
11
12
13
14
15
16
17
18
19
0 1 [0]
1 8 [1]
2 3 [0]
3 11 [3]
4 6 [3]
5 9 [2]
2 6 [0]
0 7 [0]
8 19 [1]
9 14 [0]
1 4 [1]
5 7 [1]
10 17 [1]
5 11 [2]
3 7 [3]
7 12 [0]
12 13 [0]
7 15 [0]
4 16 [2]
9 18 [1]
10 14 [0]
13 15 [1]
7 8 [0]
7 16 [0]
13 17 [1]
7 13 [0]
7 18 [0]
3 9 [3]
7 10 [2]
4 19 [2]
0 3 [2]
1 2 [0]
2 13 [3]
3 10 [3]
4 18 [2]
1 5 [0]
6 15 [0]
2 5 [0]
7 11 [3]
5 16 [2]
7 9 [2]
5 10 [2]
10 12 [0]
6 11 [2]
4 8 [1]
4 5 [0]
2 8 [1]
0 12 [3]
13 14 [0]
4 6 [3]
4 14 [2]
8 15 [0]
6 9 [2]
0 16 [0]
9 17 [1]
17 18 [0]
4 17 [2]
9 11 [3]
0 19 [0]
0 17 [0]
1 5 [0]
3 19 [2]
3 18 [2]
4 11 [2]
5 14 [2]
6 7 [0]
1 7 [0]
8 9 [0]
3 5 [0]
9 10 [0]
6 10 [2]
2 11 [3]
2 4 [1]
8 12 [0]
1 13 [3]
5 13 [2]
11 15 [1]
15 16 [0]
5 11 [2]
3 7 [3]
5 16 [2]
12 18 [1]
6 18 [0]
3 6 [3]
0 13 [3]
2 12 [3]
3 9 [3]
0 4 [1]
2 6 [0]
3 5 [0]
2 8 [1]
6 10 [2]
7 16 [0]
5 8 [1]
2 9 [3]
0 10 [1]
4 11 [2]
12 19 [3]
7 14 [0]
15 18 [3]
1 16 [0]
4 10 [1]
8 9 [0]
11 17 [1]
2 17 [2]
11 18 [1]
15 19 [3]
