# cathegory: solved
# problem: no problem
# numcrossings:45993
1000
8
0
1
2
3
4
5
6
7
8
9
10
12
20
45
78
277
605
719
775
937
910
852
972
413
553
664
106
119
165
473
804
178
240
335
349
383
570
710
777
332
638
338
866
109
141
214
233
318
334
411
839
427
441
957
645
784
794
803
880
437
744
469
626
858
809
989
975
706
746
763
805
898
58
228
246
284
530
687
807
969
402
31
118
552
867
918
997
883
47
125
962
151
164
461
505
554
701
555
641
823
559
870
83
101
215
463
583
688
841
376
446
121
130
166
684
851
819
879
953
616
740
967
848
490
576
635
649
995
875
447
13
14
16
17
59
904
96
198
257
449
575
667
930
699
561
981
27
28
35
53
82
189
621
643
623
758
207
377
390
693
979
431
726
752
146
428
479
515
986
528
659
683
822
845
873
503
655
737
864
38
56
87
108
398
129
131
225
890
571
887
640
974
272
329
343
409
420
472
491
902
508
760
859
712
790
980
162
236
950
977
358
535
865
702
724
939
110
128
135
256
305
556
585
892
696
565
572
679
723
806
882
243
832
952
136
767
169
186
202
258
399
933
993
542
998
439
589
971
518
810
830
827
265
538
886
598
536
588
611
633
133
370
965
205
354
750
671
876
50
64
75
86
98
102
116
123
161
861
227
279
493
311
567
319
372
594
614
742
139
158
229
533
566
685
941
948
293
584
716
925
768
273
321
325
445
546
978
791
104
264
755
365
622
935
477
481
547
893
627
751
91
175
204
262
521
847
260
442
607
909
270
155
314
654
167
313
467
976
176
187
210
217
261
298
544
299
389
835
394
785
885
595
776
76
103
344
353
426
488
700
478
531
757
524
666
600
625
630
681
170
290
732
903
40
142
568
877
63
24
143
306
386
450
590
603
938
781
869
416
355
360
606
901
574
157
378
406
739
239
271
715
808
891
959
15
18
137
232
268
296
300
705
927
558
889
906
970
868
320
504
721
942
404
968
30
124
212
340
695
274
453
492
213
316
899
862
52
183
292
307
619
915
983
499
963
615
920
21
26
43
203
230
242
385
397
539
985
854
248
465
831
250
285
932
251
269
412
788
680
400
408
772
81
673
741
921
49
61
72
199
263
348
414
482
519
802
596
722
302
438
569
917
68
115
156
310
675
362
395
916
134
160
218
770
800
850
69
70
138
276
345
631
434
462
936
647
931
286
582
747
765
668
946
717
73
132
185
226
494
511
452
780
907
874
275
817
369
419
709
150
923
425
195
312
815
224
294
359
367
738
982
474
545
833
422
573
579
945
418
451
22
29
32
41
171
676
799
620
77
326
454
476
529
637
280
323
926
429
464
856
42
85
127
154
295
403
423
562
821
955
961
919
209
244
381
495
663
704
734
836
211
220
231
853
537
557
665
720
648
761
289
373
629
66
197
201
644
787
878
678
415
351
812
460
657
914
39
74
433
520
534
541
92
112
181
222
247
686
996
330
580
990
814
223
496
387
838
97
111
140
347
498
506
617
564
182
237
527
849
145
333
929
352
900
396
599
516
999
424
602
610
728
729
991
44
94
249
550
748
928
632
753
60
88
122
206
405
964
577
281
512
532
624
786
587
783
346
911
500
672
733
840
855
526
771
798
99
177
191
736
636
179
356
417
639
480
764
793
940
905
507
769
828
430
563
148
152
252
513
283
401
912
958
646
196
444
486
652
308
388
456
795
25
34
84
184
391
884
193
208
235
331
105
149
601
661
703
730
826
984
987
973
254
287
301
843
238
304
745
364
443
393
743
994
470
484
54
192
382
612
713
896
163
234
324
656
689
824
120
168
371
543
628
797
11
23
57
62
174
221
259
560
662
459
754
79
80
100
113
188
267
357
392
522
825
549
924
818
834
895
421
435
540
863
960
468
114
172
682
266
650
669
871
337
551
779
816
846
190
282
692
735
820
988
888
291
634
731
144
153
375
36
48
55
180
245
303
618
947
339
90
147
159
466
711
219
241
278
944
317
384
440
677
691
789
436
489
342
951
956
368
502
509
592
766
670
698
253
658
510
578
778
756
200
651
782
216
255
363
707
966
366
374
604
458
725
749
857
593
773
796
872
37
315
46
126
327
432
497
860
894
613
881
660
586
642
792
19
65
89
95
328
336
949
801
954
350
525
548
708
913
697
33
51
93
288
653
407
471
591
714
813
897
762
837
107
194
361
483
727
774
829
844
934
380
448
694
117
297
523
581
597
718
908
759
842
341
410
457
485
608
514
674
992
475
922
173
309
322
379
609
517
943
811
501
67
71
455
487
690
0 1 [6]
0 2 [4]
0 3 [0]
0 4 [0]
0 5 [7]
0 7 [5]
0 8 [5]
0 9 [1]
1 2 [0]
1 3 [2]
1 4 [2]
1 5 [7]
1 6 [5]
1 7 [5]
1 8 [5]
1 9 [2]
2 3 [5]
2 4 [1]
2 5 [7]
2 6 [5]
2 7 [5]
2 8 [3]
2 9 [3]
3 4 [5]
3 5 [7]
3 6 [5]
3 7 [5]
3 8 [3]
3 9 [3]
4 5 [0]
4 6 [5]
4 7 [1]
4 8 [3]
4 9 [3]
5 6 [3]
5 7 [3]
5 8 [3]
5 9 [3]
6 7 [3]
6 8 [2]
6 9 [2]
7 8 [2]
7 9 [1]
8 9 [1]
0 10 [1]
1 10 [2]
2 10 [3]
4 10 [2]
5 10 [3]
6 10 [2]
7 10 [1]
8 10 [6]
9 10 [3]
0 11 [1]
2 11 [3]
3 11 [6]
4 11 [6]
5 11 [7]
6 11 [0]
7 11 [4]
8 11 [4]
9 11 [5]
1 12 [2]
2 12 [3]
4 12 [2]
5 12 [2]
6 12 [2]
7 12 [6]
8 12 [6]
9 12 [7]
10 12 [0]
0 13 [1]
1 13 [2]
2 13 [3]
5 13 [6]
6 13 [6]
7 13 [1]
8 13 [4]
9 13 [7]
10 13 [0]
0 14 [1]
1 14 [2]
2 14 [3]
5 14 [6]
7 14 [1]
8 14 [4]
9 14 [7]
10 14 [5]
13 14 [3]
1 15 [2]
2 15 [3]
4 15 [6]
5 15 [6]
6 15 [0]
7 15 [7]
8 15 [4]
9 15 [0]
10 15 [5]
0 16 [1]
1 16 [2]
2 16 [1]
5 16 [6]
8 16 [4]
9 16 [7]
10 16 [5]
13 16 [2]
14 16 [1]
0 17 [1]
1 17 [1]
2 17 [1]
5 17 [6]
8 17 [4]
9 17 [4]
10 17 [5]
14 17 [3]
16 17 [4]
1 18 [2]
2 18 [3]
4 18 [6]
6 18 [0]
7 18 [7]
8 18 [4]
9 18 [7]
10 18 [5]
15 18 [0]
0 19 [1]
1 19 [2]
2 19 [3]
3 19 [6]
4 19 [0]
6 19 [4]
7 19 [4]
8 19 [5]
9 19 [5]
1 20 [2]
2 20 [3]
4 20 [2]
5 20 [2]
6 20 [2]
7 20 [6]
9 20 [4]
10 20 [1]
12 20 [5]
0 21 [1]
1 21 [2]
4 21 [6]
5 21 [6]
6 21 [7]
7 21 [7]
8 21 [4]
9 21 [0]
10 21 [5]
0 22 [1]
1 22 [2]
2 22 [3]
4 22 [6]
5 22 [6]
6 22 [7]
8 22 [4]
9 22 [0]
10 22 [5]
0 23 [1]
2 23 [3]
3 23 [6]
4 23 [6]
6 23 [0]
7 23 [4]
8 23 [4]
9 23 [5]
11 23 [2]
0 24 [1]
1 24 [2]
2 24 [3]
5 24 [6]
8 24 [4]
9 24 [7]
10 24 [5]
13 24 [0]
14 24 [7]
0 25 [1]
1 25 [2]
2 25 [3]
4 25 [6]
5 25 [7]
7 25 [4]
8 25 [4]
9 25 [5]
10 25 [5]
0 26 [1]
1 26 [2]
4 26 [6]
5 26 [6]
7 26 [7]
8 26 [4]
9 26 [0]
10 26 [5]
21 26 [6]
0 27 [1]
1 27 [1]
2 27 [3]
5 27 [6]
8 27 [4]
10 27 [5]
13 27 [3]
14 27 [3]
16 27 [7]
0 28 [1]
1 28 [1]
2 28 [3]
5 28 [6]
8 28 [4]
10 28 [5]
14 28 [3]
16 28 [0]
27 28 [3]
0 29 [1]
1 29 [2]
2 29 [3]
4 29 [6]
5 29 [6]
6 29 [7]
8 29 [4]
10 29 [5]
22 29 [0]
1 30 [2]
2 30 [3]
5 30 [6]
6 30 [0]
7 30 [7]
8 30 [4]
9 30 [7]
10 30 [5]
15 30 [1]
1 31 [2]
2 31 [3]
4 31 [2]
5 31 [6]
6 31 [6]
7 31 [1]
8 31 [4]
9 31 [4]
12 31 [5]
0 32 [1]
1 32 [2]
4 32 [6]
5 32 [6]
6 32 [7]
8 32 [4]
10 32 [5]
22 32 [1]
29 32 [3]
0 33 [1]
1 33 [2]
2 33 [3]
3 33 [6]
5 33 [4]
6 33 [4]
7 33 [4]
8 33 [5]
9 33 [5]
0 34 [1]
2 34 [3]
4 34 [6]
5 34 [7]
7 34 [4]
8 34 [4]
9 34 [5]
10 34 [5]
25 34 [0]
1 35 [1]
2 35 [3]
5 35 [6]
8 35 [4]
10 35 [5]
14 35 [3]
16 35 [5]
27 35 [6]
28 35 [3]
2 36 [3]
3 36 [7]
4 36 [6]
5 36 [7]
6 36 [0]
7 36 [4]
8 36 [5]
9 36 [5]
11 36 [7]
0 37 [1]
2 37 [3]
3 37 [6]
4 37 [0]
6 37 [4]
7 37 [4]
8 37 [5]
9 37 [5]
11 37 [2]
0 38 [1]
2 38 [3]
5 38 [6]
8 38 [4]
10 38 [5]
14 38 [5]
16 38 [0]
27 38 [7]
28 38 [2]
0 39 [1]
1 39 [2]
4 39 [6]
5 39 [7]
6 39 [7]
8 39 [4]
9 39 [5]
10 39 [5]
22 39 [0]
0 40 [1]
1 40 [2]
2 40 [3]
8 40 [4]
9 40 [0]
10 40 [5]
13 40 [0]
14 40 [7]
16 40 [7]
0 41 [1]
1 41 [2]
4 41 [6]
5 41 [6]
6 41 [7]
8 41 [4]
10 41 [5]
22 41 [1]
32 41 [5]
0 42 [1]
1 42 [2]
2 42 [3]
5 42 [7]
6 42 [7]
8 42 [4]
10 42 [5]
22 42 [3]
29 42 [0]
0 43 [1]
1 43 [2]
4 43 [6]
5 43 [6]
7 43 [7]
8 43 [4]
10 43 [5]
21 43 [3]
26 43 [1]
0 44 [1]
1 44 [2]
2 44 [3]
4 44 [6]
5 44 [7]
6 44 [0]
8 44 [4]
10 44 [5]
22 44 [0]
1 45 [2]
2 45 [3]
4 45 [2]
6 45 [2]
7 45 [6]
9 45 [3]
10 45 [6]
12 45 [6]
20 45 [0]
0 46 [1]
2 46 [3]
4 46 [0]
5 46 [7]
6 46 [4]
7 46 [4]
8 46 [5]
9 46 [5]
11 46 [2]
1 47 [2]
2 47 [3]
4 47 [2]
6 47 [6]
7 47 [1]
8 47 [4]
9 47 [7]
10 47 [7]
12 47 [5]
2 48 [3]
3 48 [6]
4 48 [6]
5 48 [7]
6 48 [0]
7 48 [4]
8 48 [5]
9 48 [5]
36 48 [2]
0 49 [1]
1 49 [2]
4 49 [6]
5 49 [6]
6 49 [7]
7 49 [7]
8 49 [4]
9 49 [0]
21 49 [3]
0 50 [1]
1 50 [2]
2 50 [3]
5 50 [6]
8 50 [4]
10 50 [5]
13 50 [0]
16 50 [2]
27 50 [7]
0 51 [1]
1 51 [2]
2 51 [3]
3 51 [6]
5 51 [7]
7 51 [4]
8 51 [5]
9 51 [5]
33 51 [4]
2 52 [3]
4 52 [6]
5 52 [6]
6 52 [0]
7 52 [7]
8 52 [4]
9 52 [7]
10 52 [5]
15 52 [1]
1 53 [1]
2 53 [3]
5 53 [6]
8 53 [4]
10 53 [5]
16 53 [5]
27 53 [4]
28 53 [7]
35 53 [2]
0 54 [1]
1 54 [2]
2 54 [3]
5 54 [7]
7 54 [4]
8 54 [4]
9 54 [5]
10 54 [5]
25 54 [2]
2 55 [3]
3 55 [6]
4 55 [6]
5 55 [7]
7 55 [4]
8 55 [5]
9 55 [5]
36 55 [1]
48 55 [7]
0 56 [1]
2 56 [3]
8 56 [4]
10 56 [5]
14 56 [5]
16 56 [0]
27 56 [0]
28 56 [0]
38 56 [1]
0 57 [1]
2 57 [3]
3 57 [6]
4 57 [6]
6 57 [0]
7 57 [4]
8 57 [4]
9 57 [5]
23 57 [0]
1 58 [2]
2 58 [3]
4 58 [2]
5 58 [6]
6 58 [6]
7 58 [1]
10 58 [0]
12 58 [5]
20 58 [7]
0 59 [1]
1 59 [1]
2 59 [1]
5 59 [6]
8 59 [4]
9 59 [4]
14 59 [3]
16 59 [7]
17 59 [6]
0 60 [1]
1 60 [2]
2 60 [3]
4 60 [6]
5 60 [7]
6 60 [0]
8 60 [4]
9 60 [5]
22 60 [0]
0 61 [1]
1 61 [2]
4 61 [6]
5 61 [6]
6 61 [7]
7 61 [7]
9 61 [0]
21 61 [3]
49 61 [6]
0 62 [1]
2 62 [3]
3 62 [6]
4 62 [6]
7 62 [4]
8 62 [4]
9 62 [5]
23 62 [1]
57 62 [2]
0 63 [1]
1 63 [2]
2 63 [3]
5 63 [6]
8 63 [4]
10 63 [5]
13 63 [0]
14 63 [7]
16 63 [7]
0 64 [1]
1 64 [2]
2 64 [3]
5 64 [6]
8 64 [4]
13 64 [0]
16 64 [2]
27 64 [7]
50 64 [4]
0 65 [1]
1 65 [2]
2 65 [3]
3 65 [6]
4 65 [0]
7 65 [4]
8 65 [5]
9 65 [5]
19 65 [7]
0 66 [1]
1 66 [2]
4 66 [6]
5 66 [7]
6 66 [7]
8 66 [4]
10 66 [5]
22 66 [0]
29 66 [0]
0 67 [1]
1 67 [2]
2 67 [3]
3 67 [6]
4 67 [0]
5 67 [7]
6 67 [4]
7 67 [5]
9 67 [5]
0 68 [1]
1 68 [2]
4 68 [6]
5 68 [6]
7 68 [7]
8 68 [4]
9 68 [0]
21 68 [3]
49 68 [4]
0 69 [1]
1 69 [2]
5 69 [6]
6 69 [7]
7 69 [7]
8 69 [4]
9 69 [0]
10 69 [5]
21 69 [3]
0 70 [1]
1 70 [2]
5 70 [6]
6 70 [7]
7 70 [7]
8 70 [4]
9 70 [0]
10 70 [5]
69 70 [7]
0 71 [1]
1 71 [2]
2 71 [3]
3 71 [6]
5 71 [7]
6 71 [4]
7 71 [4]
8 71 [5]
9 71 [5]
0 72 [1]
1 72 [2]
4 72 [6]
5 72 [6]
6 72 [7]
9 72 [0]
21 72 [3]
49 72 [4]
61 72 [7]
0 73 [1]
1 73 [2]
6 73 [7]
7 73 [7]
8 73 [4]
9 73 [0]
10 73 [5]
21 73 [3]
69 73 [3]
0 74 [1]
1 74 [2]
4 74 [6]
5 74 [7]
6 74 [7]
8 74 [4]
9 74 [5]
22 74 [0]
39 74 [1]
0 75 [1]
1 75 [2]
2 75 [3]
5 75 [6]
8 75 [4]
16 75 [2]
27 75 [7]
50 75 [5]
64 75 [5]
0 76 [1]
1 76 [2]
5 76 [6]
8 76 [4]
10 76 [5]
13 76 [0]
14 76 [0]
16 76 [7]
27 76 [7]
0 77 [1]
1 77 [2]
4 77 [6]
5 77 [6]
8 77 [4]
10 77 [5]
22 77 [3]
29 77 [3]
32 77 [0]
1 78 [2]
2 78 [3]
4 78 [2]
6 78 [2]
7 78 [6]
9 78 [3]
12 78 [5]
20 78 [5]
45 78 [6]
0 79 [1]
3 79 [6]
4 79 [6]
6 79 [0]
7 79 [4]
8 79 [4]
9 79 [5]
11 79 [7]
23 79 [2]
0 80 [1]
4 80 [6]
6 80 [0]
7 80 [4]
8 80 [4]
9 80 [5]
11 80 [7]
23 80 [2]
79 80 [0]
0 81 [1]
4 81 [6]
5 81 [6]
7 81 [7]
8 81 [4]
9 81 [0]
10 81 [5]
21 81 [3]
26 81 [0]
1 82 [1]
2 82 [3]
5 82 [6]
8 82 [4]
16 82 [5]
27 82 [4]
28 82 [7]
35 82 [6]
53 82 [2]
1 83 [2]
4 83 [1]
5 83 [6]
6 83 [6]
7 83 [1]
8 83 [4]
9 83 [7]
10 83 [0]
12 83 [5]
0 84 [1]
2 84 [3]
4 84 [6]
5 84 [7]
7 84 [4]
9 84 [5]
10 84 [5]
25 84 [6]
34 84 [6]
0 85 [1]
1 85 [2]
2 85 [3]
5 85 [6]
6 85 [7]
8 85 [4]
22 85 [3]
29 85 [0]
42 85 [7]
0 86 [1]
1 86 [2]
2 86 [3]
5 86 [6]
8 86 [4]
16 86 [2]
27 86 [7]
50 86 [4]
75 86 [3]
0 87 [1]
2 87 [3]
8 87 [4]
10 87 [5]
14 87 [5]
16 87 [0]
27 87 [0]
38 87 [6]
56 87 [5]
1 88 [2]
2 88 [3]
4 88 [6]
5 88 [7]
6 88 [0]
8 88 [4]
9 88 [5]
22 88 [0]
60 88 [7]
0 89 [1]
1 89 [2]
3 89 [6]
4 89 [0]
6 89 [4]
7 89 [4]
8 89 [5]
9 89 [0]
19 89 [7]
2 90 [3]
3 90 [6]
4 90 [6]
6 90 [4]
7 90 [4]
8 90 [5]
9 90 [5]
36 90 [1]
48 90 [0]
0 91 [1]
1 91 [2]
2 91 [3]
5 91 [6]
13 91 [0]
16 91 [2]
27 91 [7]
50 91 [5]
64 91 [0]
0 92 [1]
1 92 [2]
4 92 [6]
5 92 [7]
6 92 [7]
9 92 [5]
10 92 [5]
22 92 [0]
39 92 [3]
0 93 [1]
1 93 [2]
2 93 [3]
3 93 [6]
5 93 [7]
7 93 [5]
8 93 [5]
33 93 [6]
51 93 [2]
0 94 [1]
1 94 [2]
2 94 [3]
4 94 [6]
5 94 [7]
6 94 [7]
8 94 [4]
10 94 [5]
44 94 [2]
1 95 [2]
3 95 [6]
4 95 [0]
6 95 [4]
7 95 [4]
8 95 [5]
9 95 [5]
19 95 [7]
89 95 [7]
0 96 [1]
1 96 [1]
2 96 [3]
5 96 [6]
8 96 [4]
9 96 [4]
10 96 [5]
16 96 [7]
17 96 [0]
1 97 [2]
4 97 [6]
5 97 [7]
6 97 [7]
8 97 [4]
9 97 [5]
10 97 [5]
22 97 [0]
39 97 [3]
0 98 [1]
2 98 [3]
5 98 [6]
8 98 [4]
16 98 [2]
27 98 [7]
50 98 [5]
75 98 [5]
86 98 [1]
0 99 [1]
1 99 [2]
2 99 [3]
4 99 [6]
5 99 [7]
6 99 [0]
8 99 [4]
9 99 [5]
22 99 [0]
4 100 [6]
6 100 [0]
7 100 [4]
8 100 [4]
9 100 [5]
11 100 [7]
23 100 [2]
79 100 [3]
80 100 [7]
1 101 [2]
4 101 [1]
5 101 [6]
7 101 [1]
8 101 [4]
9 101 [7]
10 101 [0]
12 101 [5]
83 101 [1]
0 102 [1]
2 102 [3]
5 102 [6]
8 102 [4]
16 102 [2]
27 102 [7]
50 102 [5]
75 102 [5]
98 102 [0]
0 103 [1]
5 103 [6]
8 103 [4]
10 103 [5]
13 103 [0]
14 103 [7]
16 103 [7]
27 103 [7]
76 103 [7]
1 104 [2]
2 104 [3]
5 104 [6]
8 104 [4]
16 104 [2]
27 104 [7]
50 104 [5]
64 104 [0]
75 104 [0]
0 105 [1]
2 105 [3]
4 105 [6]
5 105 [7]
7 105 [4]
8 105 [4]
10 105 [5]
25 105 [2]
34 105 [0]
1 106 [2]
2 106 [3]
4 106 [2]
6 106 [6]
7 106 [6]
10 106 [1]
12 106 [5]
20 106 [1]
45 106 [0]
0 107 [1]
1 107 [2]
2 107 [3]
3 107 [6]
5 107 [7]
7 107 [5]
8 107 [5]
9 107 [5]
51 107 [0]
0 108 [1]
2 108 [3]
8 108 [4]
10 108 [5]
14 108 [5]
16 108 [0]
27 108 [0]
38 108 [6]
87 108 [4]
2 109 [3]
4 109 [2]
6 109 [6]
7 109 [1]
9 109 [4]
10 109 [4]
12 109 [5]
20 109 [4]
45 109 [7]
0 110 [1]
2 110 [3]
8 110 [4]
10 110 [5]
16 110 [0]
27 110 [6]
28 110 [2]
38 110 [2]
56 110 [7]
1 111 [2]
4 111 [6]
5 111 [7]
6 111 [7]
8 111 [4]
9 111 [5]
10 111 [5]
39 111 [3]
97 111 [6]
0 112 [1]
4 112 [6]
5 112 [7]
6 112 [7]
9 112 [5]
10 112 [5]
22 112 [0]
39 112 [3]
92 112 [2]
4 113 [6]
7 113 [4]
8 113 [4]
9 113 [5]
11 113 [5]
23 113 [2]
79 113 [3]
80 113 [1]
100 113 [7]
6 114 [0]
7 114 [4]
8 114 [4]
9 114 [5]
11 114 [2]
23 114 [2]
79 114 [3]
80 114 [1]
100 114 [7]
0 115 [1]
1 115 [2]
4 115 [6]
5 115 [6]
8 115 [4]
9 115 [0]
21 115 [3]
49 115 [5]
68 115 [3]
2 116 [3]
5 116 [6]
8 116 [4]
16 116 [2]
27 116 [7]
50 116 [5]
75 116 [5]
98 116 [4]
102 116 [0]
0 117 [1]
2 117 [3]
3 117 [6]
5 117 [7]
7 117 [5]
8 117 [5]
9 117 [5]
33 117 [0]
51 117 [4]
1 118 [2]
2 118 [3]
5 118 [6]
6 118 [6]
7 118 [1]
8 118 [4]
9 118 [4]
12 118 [5]
31 118 [7]
1 119 [2]
2 119 [3]
4 119 [2]
6 119 [6]
7 119 [6]
10 119 [1]
12 119 [5]
20 119 [1]
106 119 [2]
0 120 [1]
1 120 [2]
2 120 [3]
4 120 [6]
5 120 [7]
6 120 [0]
7 120 [4]
8 120 [4]
10 120 [5]
1 121 [2]
4 121 [1]
6 121 [6]
7 121 [1]
8 121 [4]
9 121 [7]
10 121 [0]
12 121 [5]
83 121 [3]
1 122 [2]
2 122 [3]
4 122 [6]
5 122 [7]
6 122 [0]
8 122 [4]
9 122 [5]
22 122 [0]
88 122 [6]
0 123 [1]
2 123 [3]
5 123 [6]
8 123 [4]
16 123 [2]
27 123 [7]
50 123 [5]
75 123 [1]
102 123 [1]
1 124 [2]
2 124 [3]
5 124 [6]
6 124 [0]
7 124 [7]
8 124 [4]
9 124 [0]
15 124 [1]
30 124 [7]
1 125 [2]
2 125 [3]
4 125 [2]
6 125 [6]
7 125 [1]
8 125 [4]
9 125 [7]
12 125 [5]
47 125 [1]
0 126 [1]
2 126 [3]
3 126 [6]
4 126 [0]
5 126 [7]
6 126 [4]
7 126 [4]
8 126 [5]
11 126 [2]
0 127 [1]
1 127 [2]
2 127 [3]
5 127 [7]
6 127 [7]
8 127 [4]
29 127 [0]
42 127 [1]
85 127 [1]
0 128 [1]
8 128 [4]
10 128 [5]
14 128 [0]
16 128 [0]
27 128 [6]
28 128 [2]
38 128 [2]
56 128 [7]
0 129 [1]
2 129 [3]
8 129 [4]
10 129 [5]
14 129 [5]
16 129 [0]
38 129 [6]
56 129 [2]
87 129 [7]
1 130 [2]
4 130 [1]
6 130 [6]
7 130 [1]
8 130 [4]
9 130 [7]
10 130 [0]
83 130 [3]
121 130 [5]
2 131 [3]
8 131 [4]
10 131 [5]
14 131 [5]
16 131 [0]
38 131 [6]
56 131 [2]
87 131 [2]
129 131 [7]
0 132 [1]
6 132 [7]
7 132 [7]
8 132 [4]
9 132 [0]
10 132 [5]
21 132 [3]
69 132 [3]
73 132 [3]
0 133 [1]
2 133 [3]
5 133 [6]
8 133 [4]
14 133 [0]
16 133 [2]
27 133 [7]
28 133 [2]
38 133 [7]
0 134 [1]
1 134 [2]
5 134 [6]
7 134 [7]
8 134 [4]
9 134 [0]
21 134 [3]
49 134 [5]
68 134 [7]
0 135 [1]
8 135 [4]
10 135 [5]
14 135 [0]
27 135 [6]
28 135 [2]
38 135 [2]
56 135 [7]
128 135 [3]
0 136 [1]
2 136 [3]
8 136 [4]
10 136 [5]
16 136 [0]
27 136 [2]
28 136 [2]
38 136 [2]
56 136 [7]
1 137 [2]
4 137 [6]
6 137 [0]
7 137 [7]
8 137 [4]
9 137 [0]
10 137 [5]
15 137 [1]
18 137 [6]
0 138 [1]
1 138 [2]
5 138 [6]
6 138 [7]
7 138 [7]
8 138 [4]
10 138 [5]
69 138 [5]
70 138 [1]
0 139 [1]
2 139 [3]
5 139 [6]
8 139 [4]
16 139 [2]
27 139 [7]
50 139 [5]
75 139 [3]
98 139 [0]
1 140 [2]
5 140 [7]
6 140 [7]
8 140 [4]
9 140 [5]
10 140 [5]
39 140 [3]
97 140 [3]
111 140 [6]
2 141 [3]
6 141 [6]
7 141 [1]
9 141 [4]
10 141 [4]
12 141 [5]
20 141 [4]
45 141 [7]
109 141 [6]
0 142 [1]
2 142 [3]
8 142 [4]
9 142 [7]
10 142 [5]
13 142 [0]
14 142 [7]
16 142 [7]
40 142 [6]
1 143 [2]
2 143 [3]
5 143 [6]
8 143 [4]
9 143 [7]
10 143 [5]
13 143 [0]
14 143 [7]
24 143 [6]
0 144 [1]
4 144 [6]
6 144 [0]
7 144 [4]
8 144 [5]
9 144 [5]
11 144 [2]
79 144 [3]
80 144 [7]
1 145 [2]
4 145 [6]
5 145 [7]
8 145 [4]
9 145 [5]
10 145 [5]
22 145 [0]
39 145 [3]
97 145 [0]
1 146 [1]
2 146 [3]
8 146 [4]
10 146 [5]
16 146 [5]
27 146 [7]
28 146 [0]
35 146 [0]
53 146 [2]
2 147 [3]
3 147 [6]
4 147 [6]
6 147 [0]
7 147 [4]
8 147 [5]
36 147 [1]
48 147 [2]
90 147 [1]
0 148 [1]
1 148 [2]
2 148 [3]
4 148 [6]
6 148 [0]
8 148 [4]
9 148 [5]
10 148 [5]
22 148 [0]
2 149 [3]
4 149 [6]
5 149 [7]
7 149 [4]
8 149 [4]
10 149 [5]
25 149 [2]
34 149 [0]
105 149 [5]
0 150 [1]
1 150 [2]
5 150 [6]
6 150 [7]
7 150 [7]
8 150 [4]
9 150 [0]
10 150 [5]
69 150 [3]
1 151 [2]
2 151 [3]
4 151 [1]
6 151 [6]
7 151 [1]
8 151 [4]
9 151 [7]
12 151 [5]
47 151 [0]
1 152 [2]
2 152 [3]
4 152 [6]
6 152 [0]
8 152 [4]
9 152 [5]
10 152 [5]
22 152 [0]
148 152 [0]
4 153 [6]
6 153 [0]
7 153 [4]
8 153 [5]
9 153 [5]
11 153 [2]
79 153 [1]
80 153 [7]
144 153 [1]
0 154 [1]
1 154 [2]
2 154 [3]
5 154 [7]
6 154 [7]
29 154 [0]
42 154 [1]
85 154 [5]
127 154 [7]
0 155 [1]
1 155 [2]
5 155 [6]
8 155 [4]
13 155 [0]
16 155 [2]
27 155 [7]
50 155 [5]
64 155 [0]
0 156 [1]
1 156 [2]
4 156 [6]
5 156 [6]
9 156 [0]
21 156 [3]
49 156 [4]
68 156 [7]
115 156 [1]
0 157 [1]
1 157 [2]
2 157 [3]
5 157 [6]
7 157 [7]
8 157 [4]
10 157 [5]
13 157 [0]
14 157 [7]
0 158 [1]
2 158 [3]
5 158 [6]
8 158 [4]
27 158 [7]
50 158 [5]
75 158 [3]
98 158 [0]
139 158 [7]
3 159 [6]
4 159 [6]
6 159 [0]
7 159 [4]
8 159 [5]
36 159 [1]
48 159 [2]
90 159 [1]
147 159 [6]
0 160 [1]
5 160 [6]
7 160 [7]
8 160 [4]
9 160 [0]
21 160 [3]
49 160 [5]
68 160 [7]
134 160 [4]
0 161 [1]
5 161 [6]
8 161 [4]
16 161 [2]
27 161 [7]
50 161 [5]
75 161 [1]
98 161 [0]
102 161 [0]
0 162 [1]
8 162 [4]
10 162 [5]
14 162 [0]
16 162 [0]
27 162 [6]
38 162 [6]
56 162 [2]
87 162 [7]
0 163 [1]
1 163 [2]
2 163 [3]
4 163 [6]
5 163 [7]
7 163 [4]
9 163 [5]
10 163 [5]
25 163 [0]
1 164 [2]
2 164 [3]
4 164 [1]
7 164 [1]
8 164 [4]
9 164 [7]
12 164 [5]
47 164 [0]
151 164 [7]
1 165 [2]
2 165 [3]
4 165 [2]
6 165 [6]
7 165 [6]
12 165 [5]
20 165 [4]
106 165 [4]
119 165 [2]
1 166 [2]
4 166 [1]
6 166 [6]
7 166 [1]
8 166 [4]
9 166 [7]
10 166 [0]
121 166 [6]
130 166 [4]
0 167 [1]
2 167 [3]
5 167 [6]
8 167 [4]
13 167 [0]
16 167 [7]
27 167 [7]
50 167 [5]
64 167 [0]
1 168 [2]
2 168 [3]
4 168 [6]
5 168 [7]
6 168 [0]
7 168 [4]
8 168 [4]
10 168 [5]
120 168 [7]
0 169 [1]
2 169 [3]
8 169 [4]
10 169 [5]
14 169 [0]
16 169 [0]
28 169 [2]
38 169 [6]
56 169 [7]
0 170 [1]
1 170 [2]
2 170 [3]
5 170 [6]
10 170 [5]
13 170 [0]
14 170 [7]
16 170 [7]
27 170 [7]
0 171 [1]
1 171 [2]
4 171 [6]
5 171 [6]
8 171 [4]
10 171 [5]
22 171 [4]
32 171 [3]
41 171 [6]
6 172 [0]
7 172 [4]
8 172 [4]
11 172 [2]
23 172 [2]
79 172 [3]
80 172 [1]
100 172 [7]
114 172 [7]
0 173 [1]
1 173 [2]
2 173 [3]
3 173 [6]
5 173 [7]
7 173 [5]
9 173 [5]
33 173 [0]
51 173 [4]
0 174 [1]
2 174 [3]
3 174 [6]
6 174 [0]
7 174 [4]
8 174 [4]
9 174 [5]
23 174 [0]
57 174 [7]
0 175 [1]
2 175 [3]
5 175 [6]
13 175 [0]
16 175 [2]
27 175 [7]
50 175 [5]
64 175 [0]
91 175 [0]
0 176 [1]
1 176 [2]
2 176 [3]
5 176 [6]
8 176 [4]
13 176 [0]
16 176 [7]
27 176 [7]
64 176 [0]
0 177 [1]
1 177 [2]
2 177 [3]
4 177 [6]
5 177 [7]
6 177 [0]
8 177 [4]
9 177 [5]
99 177 [4]
2 178 [3]
4 178 [2]
6 178 [6]
7 178 [6]
10 178 [1]
12 178 [5]
20 178 [4]
106 178 [0]
119 178 [7]
0 179 [1]
1 179 [2]
2 179 [3]
4 179 [6]
6 179 [0]
8 179 [4]
9 179 [5]
22 179 [0]
99 179 [0]
3 180 [6]
4 180 [6]
5 180 [7]
7 180 [4]
8 180 [5]
9 180 [5]
36 180 [1]
48 180 [2]
55 180 [2]
0 181 [1]
4 181 [6]
5 181 [7]
6 181 [7]
9 181 [5]
10 181 [5]
22 181 [0]
39 181 [3]
112 181 [1]
1 182 [2]
4 182 [6]
5 182 [7]
6 182 [7]
8 182 [4]
9 182 [5]
10 182 [5]
39 182 [3]
111 182 [0]
1 183 [2]
2 183 [3]
4 183 [6]
5 183 [6]
7 183 [7]
8 183 [4]
9 183 [7]
10 183 [5]
15 183 [1]
0 184 [1]
2 184 [3]
4 184 [6]
5 184 [7]
7 184 [4]
9 184 [5]
25 184 [3]
34 184 [2]
84 184 [2]
0 185 [1]
6 185 [7]
7 185 [7]
9 185 [0]
10 185 [5]
21 185 [3]
69 185 [3]
73 185 [6]
132 185 [7]
0 186 [1]
2 186 [3]
8 186 [4]
14 186 [0]
16 186 [0]
27 186 [2]
28 186 [2]
38 186 [6]
56 186 [7]
0 187 [1]
1 187 [2]
2 187 [3]
5 187 [6]
8 187 [4]
13 187 [0]
16 187 [7]
64 187 [0]
176 187 [1]
4 188 [6]
7 188 [4]
8 188 [4]
9 188 [5]
11 188 [0]
23 188 [2]
79 188 [3]
100 188 [7]
113 188 [2]
1 189 [1]
2 189 [3]
5 189 [6]
8 189 [4]
16 189 [5]
27 189 [7]
28 189 [7]
53 189 [5]
82 189 [7]
4 190 [6]
6 190 [0]
7 190 [4]
8 190 [5]
9 190 [5]
11 190 [2]
79 190 [3]
80 190 [1]
100 190 [7]
0 191 [1]
1 191 [2]
2 191 [3]
4 191 [6]
6 191 [0]
8 191 [4]
9 191 [5]
99 191 [1]
177 191 [7]
0 192 [1]
1 192 [2]
2 192 [3]
5 192 [7]
7 192 [4]
8 192 [4]
10 192 [5]
25 192 [2]
54 192 [6]
0 193 [1]
2 193 [3]
4 193 [6]
7 193 [4]
9 193 [5]
10 193 [5]
25 193 [2]
34 193 [0]
84 193 [0]
0 194 [1]
1 194 [2]
2 194 [3]
3 194 [6]
5 194 [7]
7 194 [5]
8 194 [5]
9 194 [5]
107 194 [7]
1 195 [2]
4 195 [6]
5 195 [6]
6 195 [7]
7 195 [0]
8 195 [4]
9 195 [0]
10 195 [5]
21 195 [3]
1 196 [2]
2 196 [3]
4 196 [6]
6 196 [0]
8 196 [4]
9 196 [5]
10 196 [5]
22 196 [0]
148 196 [1]
0 197 [1]
1 197 [2]
5 197 [7]
6 197 [7]
8 197 [4]
10 197 [5]
22 197 [0]
29 197 [0]
66 197 [2]
0 198 [1]
1 198 [1]
2 198 [3]
5 198 [6]
8 198 [4]
10 198 [5]
14 198 [3]
16 198 [7]
17 198 [0]
0 199 [1]
1 199 [2]
4 199 [6]
6 199 [7]
7 199 [7]
9 199 [0]
21 199 [3]
49 199 [4]
61 199 [5]
2 200 [3]
3 200 [6]
4 200 [0]
5 200 [7]
6 200 [0]
7 200 [4]
8 200 [5]
9 200 [5]
36 200 [1]
0 201 [1]
1 201 [2]
5 201 [7]
6 201 [7]
8 201 [4]
10 201 [5]
22 201 [0]
66 201 [4]
197 201 [0]
0 202 [1]
8 202 [4]
14 202 [0]
16 202 [0]
27 202 [2]
28 202 [2]
38 202 [6]
56 202 [7]
186 202 [1]
0 203 [1]
1 203 [2]
4 203 [6]
5 203 [6]
7 203 [7]
8 203 [4]
10 203 [5]
21 203 [3]
43 203 [7]
0 204 [1]
5 204 [6]
13 204 [0]
16 204 [2]
27 204 [7]
50 204 [5]
64 204 [0]
91 204 [4]
175 204 [2]
0 205 [1]
2 205 [3]
5 205 [6]
8 205 [4]
10 205 [5]
14 205 [0]
16 205 [2]
28 205 [2]
38 205 [7]
1 206 [2]
2 206 [3]
4 206 [6]
5 206 [7]
6 206 [0]
8 206 [4]
9 206 [5]
88 206 [5]
122 206 [5]
1 207 [1]
2 207 [3]
8 207 [4]
16 207 [5]
27 207 [7]
28 207 [7]
35 207 [0]
53 207 [0]
82 207 [2]
2 208 [3]
4 208 [6]
5 208 [7]
7 208 [4]
9 208 [5]
10 208 [5]
25 208 [2]
34 208 [7]
84 208 [0]
0 209 [1]
1 209 [2]
2 209 [3]
5 209 [7]
6 209 [7]
22 209 [3]
29 209 [0]
42 209 [5]
85 209 [5]
0 210 [1]
2 210 [3]
5 210 [6]
8 210 [4]
13 210 [0]
16 210 [7]
64 210 [0]
176 210 [5]
187 210 [7]
0 211 [1]
2 211 [3]
5 211 [7]
6 211 [7]
8 211 [4]
22 211 [0]
29 211 [0]
42 211 [5]
85 211 [6]
1 212 [2]
2 212 [3]
6 212 [0]
7 212 [7]
8 212 [4]
9 212 [0]
15 212 [1]
30 212 [5]
124 212 [3]
1 213 [2]
5 213 [6]
6 213 [0]
7 213 [7]
8 213 [4]
9 213 [7]
10 213 [5]
15 213 [1]
30 213 [5]
2 214 [3]
6 214 [6]
7 214 [1]
9 214 [4]
10 214 [4]
20 214 [4]
45 214 [7]
109 214 [0]
141 214 [7]
1 215 [2]
4 215 [1]
5 215 [6]
7 215 [1]
8 215 [4]
10 215 [0]
12 215 [5]
83 215 [3]
101 215 [5]
2 216 [3]
4 216 [0]
5 216 [7]
6 216 [0]
7 216 [4]
8 216 [5]
9 216 [5]
11 216 [2]
36 216 [1]
0 217 [1]
1 217 [2]
2 217 [3]
5 217 [6]
8 217 [4]
13 217 [0]
16 217 [7]
64 217 [0]
176 217 [5]
0 218 [1]
4 218 [6]
5 218 [6]
7 218 [7]
8 218 [4]
9 218 [0]
21 218 [3]
49 218 [5]
68 218 [7]
2 219 [3]
3 219 [6]
4 219 [6]
6 219 [0]
7 219 [4]
8 219 [5]
36 219 [1]
48 219 [2]
147 219 [7]
0 220 [1]
2 220 [3]
5 220 [7]
6 220 [7]
8 220 [4]
22 220 [0]
42 220 [5]
85 220 [6]
211 220 [4]
0 221 [1]
2 221 [3]
3 221 [6]
6 221 [0]
7 221 [4]
9 221 [5]
23 221 [2]
57 221 [2]
174 221 [6]
4 222 [6]
5 222 [7]
6 222 [7]
9 222 [5]
10 222 [5]
22 222 [0]
39 222 [3]
112 222 [2]
181 222 [4]
0 223 [1]
4 223 [6]
5 223 [7]
9 223 [5]
10 223 [5]
22 223 [0]
39 223 [3]
92 223 [4]
112 223 [4]
0 224 [1]
1 224 [2]
4 224 [6]
5 224 [6]
6 224 [7]
7 224 [0]
8 224 [4]
10 224 [5]
21 224 [3]
2 225 [3]
8 225 [4]
10 225 [5]
14 225 [0]
16 225 [0]
38 225 [6]
56 225 [2]
129 225 [1]
131 225 [1]
0 226 [1]
6 226 [7]
7 226 [7]
9 226 [0]
10 226 [5]
69 226 [3]
73 226 [2]
132 226 [1]
185 226 [5]
0 227 [1]
5 227 [6]
8 227 [4]
16 227 [2]
27 227 [7]
50 227 [5]
75 227 [5]
98 227 [0]
102 227 [3]
1 228 [2]
2 228 [3]
4 228 [2]
5 228 [6]
6 228 [6]
10 228 [0]
12 228 [5]
20 228 [7]
58 228 [3]
0 229 [1]
2 229 [3]
5 229 [6]
8 229 [4]
27 229 [7]
75 229 [3]
98 229 [0]
139 229 [2]
158 229 [1]
0 230 [1]
1 230 [2]
4 230 [6]
5 230 [6]
7 230 [7]
10 230 [5]
21 230 [3]
43 230 [7]
203 230 [3]
0 231 [1]
2 231 [3]
5 231 [6]
8 231 [4]
22 231 [0]
29 231 [0]
42 231 [5]
85 231 [6]
211 231 [2]
1 232 [2]
4 232 [6]
6 232 [0]
7 232 [7]
8 232 [4]
9 232 [0]
15 232 [1]
18 232 [3]
137 232 [3]
2 233 [3]
6 233 [6]
7 233 [1]
9 233 [4]
10 233 [4]
20 233 [7]
45 233 [7]
109 233 [2]
141 233 [5]
0 234 [1]
1 234 [2]
4 234 [6]
5 234 [7]
7 234 [4]
8 234 [4]
9 234 [5]
10 234 [5]
25 234 [0]
2 235 [3]
4 235 [6]
5 235 [7]
9 235 [5]
10 235 [5]
25 235 [2]
34 235 [0]
84 235 [0]
208 235 [5]
0 236 [1]
2 236 [3]
8 236 [4]
10 236 [5]
14 236 [0]
16 236 [0]
27 236 [6]
38 236 [2]
87 236 [7]
1 237 [2]
4 237 [6]
5 237 [7]
6 237 [7]
8 237 [4]
10 237 [5]
39 237 [3]
97 237 [1]
111 237 [0]
0 238 [1]
2 238 [3]
4 238 [6]
5 238 [7]
8 238 [4]
9 238 [5]
10 238 [5]
25 238 [2]
34 238 [0]
0 239 [1]
1 239 [2]
2 239 [3]
7 239 [7]
8 239 [4]
9 239 [7]
10 239 [5]
13 239 [0]
14 239 [7]
2 240 [3]
4 240 [2]
6 240 [6]
7 240 [6]
10 240 [1]
12 240 [5]
20 240 [4]
119 240 [7]
178 240 [1]
2 241 [3]
3 241 [6]
4 241 [6]
6 241 [0]
7 241 [4]
8 241 [5]
48 241 [2]
147 241 [7]
219 241 [3]
0 242 [1]
1 242 [2]
4 242 [6]
5 242 [6]
7 242 [7]
10 242 [5]
21 242 [3]
43 242 [7]
230 242 [2]
0 243 [1]
8 243 [4]
10 243 [5]
14 243 [0]
16 243 [0]
27 243 [6]
38 243 [2]
56 243 [7]
128 243 [3]
0 244 [1]
1 244 [2]
2 244 [3]
5 244 [7]
6 244 [7]
29 244 [0]
42 244 [5]
85 244 [5]
209 244 [0]
3 245 [6]
4 245 [6]
7 245 [4]
8 245 [5]
9 245 [5]
36 245 [1]
48 245 [2]
55 245 [3]
180 245 [6]
1 246 [2]
2 246 [3]
4 246 [2]
5 246 [6]
6 246 [6]
7 246 [1]
12 246 [5]
20 246 [7]
58 246 [1]
5 247 [7]
6 247 [7]
9 247 [5]
10 247 [5]
22 247 [0]
39 247 [3]
112 247 [2]
181 247 [4]
222 247 [0]
0 248 [1]
1 248 [2]
4 248 [6]
7 248 [7]
8 248 [4]
10 248 [5]
21 248 [3]
43 248 [4]
203 248 [0]
0 249 [1]
1 249 [2]
2 249 [3]
4 249 [6]
5 249 [7]
6 249 [7]
10 249 [5]
44 249 [3]
94 249 [1]
0 250 [1]
1 250 [2]
5 250 [6]
7 250 [7]
8 250 [4]
10 250 [5]
21 250 [3]
43 250 [4]
203 250 [0]
0 251 [1]
1 251 [2]
4 251 [6]
5 251 [6]
8 251 [4]
10 251 [5]
21 251 [3]
43 251 [0]
203 251 [0]
1 252 [2]
2 252 [3]
4 252 [6]
6 252 [0]
8 252 [4]
9 252 [5]
10 252 [5]
22 252 [0]
152 252 [7]
2 253 [3]
4 253 [0]
6 253 [0]
7 253 [4]
8 253 [5]
9 253 [5]
36 253 [1]
48 253 [2]
90 253 [7]
0 254 [1]
2 254 [3]
4 254 [6]
5 254 [7]
7 254 [4]
8 254 [4]
10 254 [5]
34 254 [0]
105 254 [1]
2 255 [3]
4 255 [0]
5 255 [7]
6 255 [0]
7 255 [4]
8 255 [5]
11 255 [2]
36 255 [1]
216 255 [5]
0 256 [1]
8 256 [4]
10 256 [5]
14 256 [0]
28 256 [2]
38 256 [2]
56 256 [7]
128 256 [1]
135 256 [2]
0 257 [1]
1 257 [1]
2 257 [3]
5 257 [6]
10 257 [5]
14 257 [3]
16 257 [7]
17 257 [0]
198 257 [0]
0 258 [1]
8 258 [4]
14 258 [0]
27 258 [2]
28 258 [2]
38 258 [7]
56 258 [7]
186 258 [3]
202 258 [7]
0 259 [1]
2 259 [3]
3 259 [6]
6 259 [0]
7 259 [4]
9 259 [5]
23 259 [2]
174 259 [5]
221 259 [0]
0 260 [1]
1 260 [2]
2 260 [3]
5 260 [6]
13 260 [0]
16 260 [2]
27 260 [7]
64 260 [0]
91 260 [4]
0 261 [1]
1 261 [2]
2 261 [3]
5 261 [6]
8 261 [4]
13 261 [0]
16 261 [7]
27 261 [7]
176 261 [5]
0 262 [1]
5 262 [6]
13 262 [0]
16 262 [2]
50 262 [5]
64 262 [0]
91 262 [4]
175 262 [3]
204 262 [6]
1 263 [2]
4 263 [6]
6 263 [7]
7 263 [7]
9 263 [0]
21 263 [3]
49 263 [2]
61 263 [5]
199 263 [6]
1 264 [2]
2 264 [3]
5 264 [6]
8 264 [4]
16 264 [2]
27 264 [7]
64 264 [0]
75 264 [0]
104 264 [3]
0 265 [1]
2 265 [3]
8 265 [4]
14 265 [0]
16 265 [2]
27 265 [7]
28 265 [2]
38 265 [7]
56 265 [7]
7 266 [4]
8 266 [4]
9 266 [5]
11 266 [2]
23 266 [2]
79 266 [3]
80 266 [1]
100 266 [7]
114 266 [6]
4 267 [6]
7 267 [4]
8 267 [4]
9 267 [5]
23 267 [2]
79 267 [3]
100 267 [7]
113 267 [1]
188 267 [0]
1 268 [2]
4 268 [6]
6 268 [0]
7 268 [7]
8 268 [4]
9 268 [0]
18 268 [3]
137 268 [5]
232 268 [6]
0 269 [1]
1 269 [2]
4 269 [6]
5 269 [6]
7 269 [7]
8 269 [4]
21 269 [3]
43 269 [0]
203 269 [0]
0 270 [1]
1 270 [2]
2 270 [3]
13 270 [0]
16 270 [2]
27 270 [7]
50 270 [5]
64 270 [0]
91 270 [4]
0 271 [1]
1 271 [2]
2 271 [3]
5 271 [6]
6 271 [0]
7 271 [7]
8 271 [4]
9 271 [7]
13 271 [0]
0 272 [1]
2 272 [3]
8 272 [4]
10 272 [5]
14 272 [0]
16 272 [0]
38 272 [6]
56 272 [2]
129 272 [7]
0 273 [1]
1 273 [2]
2 273 [3]
5 273 [6]
8 273 [4]
27 273 [7]
50 273 [5]
75 273 [0]
86 273 [0]
1 274 [2]
5 274 [6]
6 274 [0]
7 274 [7]
8 274 [4]
9 274 [0]
15 274 [1]
30 274 [5]
124 274 [6]
0 275 [1]
1 275 [2]
6 275 [7]
7 275 [7]
8 275 [4]
9 275 [0]
10 275 [5]
69 275 [3]
73 275 [6]
0 276 [1]
1 276 [2]
5 276 [6]
6 276 [7]
7 276 [7]
9 276 [0]
10 276 [5]
69 276 [3]
70 276 [0]
2 277 [3]
4 277 [2]
6 277 [2]
7 277 [6]
9 277 [3]
12 277 [5]
20 277 [5]
45 277 [0]
78 277 [7]
2 278 [3]
3 278 [6]
4 278 [6]
6 278 [0]
7 278 [4]
48 278 [2]
147 278 [3]
219 278 [1]
241 278 [5]
0 279 [1]
5 279 [6]
8 279 [4]
27 279 [7]
50 279 [5]
75 279 [1]
98 279 [6]
102 279 [3]
227 279 [7]
0 280 [1]
1 280 [2]
4 280 [6]
6 280 [7]
8 280 [4]
10 280 [5]
22 280 [3]
29 280 [7]
32 280 [0]
1 281 [2]
2 281 [3]
4 281 [6]
6 281 [0]
8 281 [4]
9 281 [5]
22 281 [0]
88 281 [1]
122 281 [6]
4 282 [6]
6 282 [0]
7 282 [4]
8 282 [4]
9 282 [5]
11 282 [2]
80 282 [1]
100 282 [7]
190 282 [0]
1 283 [2]
2 283 [3]
6 283 [0]
8 283 [4]
9 283 [5]
10 283 [5]
22 283 [0]
148 283 [1]
152 283 [1]
1 284 [2]
2 284 [3]
5 284 [6]
6 284 [6]
7 284 [1]
9 284 [4]
10 284 [0]
12 284 [5]
20 284 [7]
0 285 [1]
1 285 [2]
5 285 [6]
8 285 [4]
10 285 [5]
21 285 [3]
43 285 [4]
203 285 [0]
250 285 [6]
0 286 [1]
1 286 [2]
5 286 [6]
6 286 [7]
7 286 [7]
8 286 [4]
10 286 [5]
69 286 [3]
70 286 [4]
0 287 [1]
2 287 [3]
5 287 [7]
7 287 [4]
8 287 [4]
10 287 [5]
25 287 [2]
34 287 [1]
105 287 [1]
1 288 [2]
2 288 [3]
3 288 [6]
5 288 [7]
7 288 [5]
8 288 [5]
33 288 [3]
51 288 [0]
93 288 [7]
0 289 [1]
1 289 [2]
2 289 [3]
5 289 [7]
6 289 [7]
8 289 [4]
10 289 [5]
22 289 [0]
42 289 [5]
0 290 [1]
1 290 [2]
2 290 [3]
5 290 [6]
8 290 [4]
10 290 [5]
13 290 [0]
14 290 [7]
27 290 [7]
4 291 [6]
6 291 [0]
7 291 [4]
8 291 [5]
9 291 [5]
23 291 [7]
79 291 [1]
80 291 [7]
100 291 [7]
1 292 [2]
2 292 [3]
5 292 [6]
7 292 [7]
8 292 [4]
9 292 [0]
10 292 [5]
15 292 [1]
183 292 [4]
0 293 [1]
2 293 [3]
5 293 [6]
8 293 [4]
27 293 [7]
50 293 [5]
75 293 [3]
86 293 [0]
98 293 [0]
0 294 [1]
1 294 [2]
4 294 [6]
5 294 [6]
6 294 [7]
8 294 [4]
9 294 [0]
10 294 [5]
21 294 [3]
0 295 [1]
1 295 [2]
2 295 [3]
6 295 [7]
29 295 [0]
42 295 [2]
85 295 [3]
127 295 [3]
154 295 [7]
1 296 [2]
4 296 [6]
7 296 [7]
8 296 [4]
9 296 [7]
18 296 [3]
137 296 [5]
232 296 [1]
268 296 [3]
0 297 [1]
2 297 [3]
3 297 [6]
5 297 [7]
7 297 [5]
9 297 [5]
33 297 [0]
51 297 [4]
117 297 [7]
0 298 [1]
1 298 [2]
2 298 [3]
5 298 [6]
8 298 [4]
13 298 [0]
16 298 [7]
64 298 [0]
176 298 [5]
0 299 [1]
1 299 [2]
2 299 [3]
5 299 [6]
8 299 [4]
13 299 [0]
16 299 [7]
27 299 [7]
176 299 [5]
1 300 [2]
4 300 [6]
8 300 [4]
9 300 [7]
18 300 [3]
137 300 [5]
232 300 [1]
268 300 [2]
296 300 [1]
0 301 [1]
2 301 [3]
5 301 [7]
7 301 [4]
8 301 [4]
10 301 [5]
25 301 [2]
105 301 [1]
287 301 [1]
1 302 [2]
4 302 [6]
5 302 [6]
6 302 [7]
7 302 [7]
9 302 [7]
21 302 [3]
49 302 [4]
61 302 [5]
3 303 [6]
4 303 [6]
7 303 [4]
9 303 [5]
36 303 [1]
48 303 [2]
55 303 [3]
180 303 [7]
245 303 [1]
0 304 [1]
4 304 [6]
5 304 [7]
8 304 [4]
9 304 [5]
10 304 [5]
25 304 [2]
34 304 [1]
238 304 [6]
0 305 [1]
8 305 [4]
10 305 [5]
14 305 [0]
38 305 [2]
56 305 [7]
128 305 [0]
135 305 [3]
256 305 [3]
1 306 [2]
5 306 [6]
8 306 [4]
9 306 [7]
10 306 [5]
13 306 [0]
14 306 [7]
24 306 [2]
143 306 [5]
1 307 [2]
2 307 [3]
5 307 [6]
7 307 [7]
8 307 [4]
9 307 [0]
10 307 [5]
183 307 [6]
292 307 [6]
0 308 [1]
2 308 [3]
4 308 [6]
6 308 [0]
8 308 [4]
9 308 [5]
10 308 [5]
22 308 [0]
148 308 [1]
0 309 [1]
1 309 [2]
2 309 [3]
3 309 [6]
7 309 [5]
9 309 [5]
33 309 [0]
51 309 [4]
173 309 [5]
1 310 [2]
4 310 [6]
5 310 [6]
8 310 [4]
9 310 [0]
21 310 [3]
49 310 [4]
68 310 [7]
115 310 [5]
0 311 [1]
5 311 [6]
8 311 [4]
16 311 [2]
27 311 [7]
50 311 [5]
75 311 [3]
102 311 [3]
227 311 [2]
1 312 [2]
4 312 [6]
6 312 [7]
7 312 [7]
8 312 [4]
9 312 [0]
10 312 [5]
21 312 [3]
195 312 [1]
0 313 [1]
2 313 [3]
5 313 [6]
13 313 [0]
16 313 [7]
27 313 [7]
50 313 [5]
64 313 [0]
167 313 [5]
0 314 [1]
1 314 [2]
8 314 [4]
13 314 [0]
16 314 [7]
27 314 [7]
50 314 [5]
64 314 [0]
155 314 [1]
0 315 [1]
2 315 [3]
3 315 [6]
4 315 [0]
6 315 [4]
7 315 [4]
8 315 [5]
11 315 [2]
37 315 [2]
1 316 [2]
5 316 [6]
6 316 [7]
7 316 [7]
8 316 [4]
10 316 [5]
15 316 [1]
30 316 [5]
213 316 [0]
2 317 [3]
3 317 [6]
6 317 [0]
7 317 [4]
8 317 [5]
36 317 [1]
48 317 [2]
147 317 [7]
219 317 [1]
2 318 [3]
6 318 [6]
7 318 [1]
9 318 [4]
20 318 [0]
45 318 [0]
109 318 [0]
141 318 [0]
233 318 [5]
0 319 [1]
5 319 [6]
8 319 [4]
16 319 [2]
27 319 [7]
50 319 [5]
75 319 [3]
98 319 [0]
227 319 [0]
1 320 [2]
4 320 [6]
6 320 [0]
7 320 [7]
9 320 [0]
10 320 [5]
15 320 [1]
18 320 [3]
137 320 [5]
0 321 [1]
1 321 [2]
2 321 [3]
5 321 [6]
8 321 [4]
27 321 [7]
50 321 [5]
75 321 [0]
273 321 [4]
0 322 [1]
2 322 [3]
3 322 [6]
7 322 [5]
9 322 [5]
33 322 [0]
51 322 [4]
173 322 [7]
309 322 [3]
0 323 [1]
1 323 [2]
6 323 [7]
8 323 [4]
10 323 [5]
22 323 [3]
29 323 [0]
32 323 [0]
280 323 [4]
0 324 [1]
1 324 [2]
2 324 [3]
4 324 [6]
5 324 [7]
7 324 [4]
8 324 [4]
9 324 [5]
25 324 [0]
0 325 [1]
1 325 [2]
5 325 [6]
8 325 [4]
16 325 [2]
27 325 [7]
50 325 [5]
75 325 [0]
86 325 [0]
1 326 [2]
4 326 [6]
5 326 [7]
8 326 [4]
10 326 [5]
22 326 [3]
29 326 [3]
32 326 [0]
77 326 [1]
0 327 [1]
2 327 [3]
3 327 [6]
4 327 [0]
6 327 [4]
7 327 [4]
8 327 [5]
11 327 [2]
126 327 [0]
1 328 [2]
3 328 [6]
4 328 [0]
6 328 [4]
7 328 [4]
8 328 [5]
9 328 [5]
89 328 [1]
95 328 [1]
0 329 [1]
2 329 [3]
8 329 [4]
10 329 [5]
16 329 [0]
38 329 [6]
56 329 [1]
129 329 [7]
272 329 [0]
4 330 [6]
5 330 [7]
6 330 [7]
9 330 [5]
10 330 [5]
22 330 [0]
39 330 [3]
112 330 [2]
181 330 [4]
2 331 [3]
4 331 [6]
5 331 [7]
7 331 [4]
9 331 [5]
25 331 [2]
34 331 [0]
84 331 [0]
208 331 [4]
1 332 [2]
2 332 [3]
4 332 [2]
6 332 [6]
7 332 [1]
10 332 [1]
12 332 [5]
20 332 [4]
119 332 [7]
1 333 [2]
4 333 [6]
5 333 [7]
8 333 [4]
9 333 [5]
10 333 [5]
22 333 [0]
97 333 [0]
145 333 [6]
2 334 [3]
6 334 [6]
7 334 [1]
9 334 [4]
20 334 [0]
45 334 [0]
109 334 [2]
233 334 [2]
318 334 [5]
2 335 [3]
4 335 [2]
6 335 [6]
7 335 [1]
12 335 [5]
20 335 [4]
119 335 [7]
178 335 [0]
240 335 [1]
1 336 [2]
3 336 [6]
4 336 [0]
6 336 [4]
7 336 [4]
8 336 [5]
19 336 [3]
89 336 [1]
95 336 [3]
6 337 [0]
7 337 [4]
8 337 [4]
9 337 [5]
11 337 [2]
23 337 [2]
80 337 [1]
100 337 [7]
114 337 [6]
1 338 [2]
2 338 [3]
4 338 [2]
6 338 [6]
7 338 [1]
10 338 [1]
12 338 [5]
45 338 [0]
106 338 [0]
2 339 [3]
3 339 [6]
4 339 [6]
5 339 [7]
7 339 [4]
8 339 [5]
9 339 [5]
36 339 [1]
55 339 [0]
1 340 [2]
2 340 [3]
6 340 [0]
7 340 [7]
8 340 [4]
15 340 [1]
30 340 [5]
124 340 [2]
212 340 [0]
2 341 [3]
3 341 [6]
5 341 [7]
7 341 [5]
8 341 [5]
9 341 [5]
33 341 [0]
51 341 [4]
117 341 [2]
2 342 [3]
3 342 [6]
4 342 [0]
6 342 [0]
8 342 [5]
36 342 [1]
48 342 [2]
90 342 [7]
147 342 [7]
0 343 [1]
2 343 [3]
8 343 [4]
10 343 [5]
14 343 [0]
16 343 [0]
38 343 [6]
129 343 [7]
272 343 [2]
0 344 [1]
5 344 [6]
10 344 [5]
13 344 [0]
14 344 [7]
16 344 [7]
27 344 [7]
76 344 [5]
103 344 [0]
0 345 [1]
1 345 [2]
5 345 [6]
6 345 [7]
7 345 [7]
9 345 [0]
10 345 [5]
69 345 [3]
276 345 [4]
1 346 [2]
2 346 [3]
4 346 [6]
5 346 [7]
6 346 [0]
8 346 [4]
9 346 [5]
88 346 [1]
122 346 [7]
5 347 [7]
6 347 [7]
8 347 [4]
9 347 [5]
10 347 [5]
39 347 [3]
97 347 [1]
111 347 [1]
140 347 [0]
1 348 [2]
4 348 [6]
6 348 [7]
7 348 [7]
9 348 [0]
21 348 [3]
61 348 [5]
199 348 [1]
263 348 [2]
2 349 [3]
4 349 [2]
6 349 [6]
7 349 [6]
12 349 [5]
20 349 [4]
119 349 [7]
240 349 [0]
335 349 [1]
0 350 [1]
1 350 [2]
2 350 [3]
3 350 [6]
4 350 [0]
7 350 [4]
8 350 [5]
9 350 [5]
19 350 [7]
0 351 [1]
1 351 [2]
2 351 [3]
4 351 [6]
6 351 [7]
8 351 [4]
10 351 [5]
22 351 [0]
29 351 [5]
1 352 [2]
4 352 [6]
5 352 [7]
8 352 [4]
9 352 [5]
10 352 [5]
22 352 [0]
39 352 [3]
145 352 [1]
0 353 [1]
5 353 [6]
10 353 [5]
13 353 [0]
14 353 [7]
27 353 [7]
76 353 [3]
103 353 [3]
344 353 [5]
0 354 [1]
1 354 [2]
2 354 [3]
5 354 [6]
8 354 [4]
10 354 [5]
16 354 [2]
27 354 [7]
28 354 [2]
0 355 [1]
1 355 [2]
2 355 [3]
8 355 [4]
9 355 [7]
10 355 [5]
13 355 [0]
14 355 [7]
24 355 [1]
1 356 [2]
2 356 [3]
4 356 [6]
6 356 [0]
8 356 [4]
9 356 [5]
22 356 [0]
99 356 [6]
179 356 [1]
4 357 [6]
7 357 [4]
8 357 [4]
23 357 [2]
79 357 [3]
100 357 [7]
113 357 [1]
188 357 [0]
267 357 [0]
0 358 [1]
2 358 [3]
8 358 [4]
10 358 [5]
16 358 [0]
27 358 [6]
38 358 [2]
56 358 [2]
87 358 [7]
1 359 [2]
4 359 [6]
5 359 [6]
6 359 [7]
8 359 [4]
9 359 [0]
10 359 [5]
21 359 [3]
294 359 [0]
0 360 [1]
1 360 [2]
2 360 [3]
8 360 [4]
10 360 [5]
13 360 [0]
14 360 [7]
24 360 [1]
355 360 [3]
1 361 [2]
2 361 [3]
3 361 [6]
5 361 [7]
7 361 [5]
8 361 [5]
9 361 [5]
51 361 [4]
107 361 [0]
0 362 [1]
1 362 [2]
4 362 [6]
5 362 [6]
8 362 [4]
21 362 [3]
49 362 [5]
68 362 [7]
115 362 [5]
2 363 [3]
4 363 [0]
5 363 [7]
6 363 [0]
7 363 [4]
8 363 [5]
11 363 [2]
36 363 [1]
255 363 [2]
0 364 [1]
4 364 [6]
5 364 [7]
8 364 [4]
9 364 [5]
10 364 [5]
25 364 [2]
34 364 [0]
238 364 [3]
1 365 [2]
2 365 [3]
5 365 [6]
8 365 [4]
16 365 [2]
27 365 [7]
64 365 [0]
75 365 [0]
104 365 [1]
2 366 [3]
4 366 [0]
5 366 [7]
6 366 [0]
7 366 [4]
8 366 [5]
11 366 [2]
216 366 [3]
255 366 [6]
1 367 [2]
4 367 [6]
5 367 [6]
6 367 [7]
8 367 [4]
10 367 [5]
21 367 [3]
294 367 [1]
359 367 [2]
2 368 [3]
3 368 [6]
4 368 [0]
6 368 [0]
8 368 [5]
36 368 [1]
48 368 [2]
90 368 [7]
147 368 [7]
0 369 [1]
6 369 [7]
7 369 [7]
8 369 [4]
9 369 [0]
10 369 [5]
21 369 [3]
69 369 [3]
73 369 [6]
0 370 [1]
2 370 [3]
5 370 [6]
8 370 [4]
14 370 [0]
27 370 [7]
28 370 [2]
38 370 [7]
133 370 [1]
0 371 [1]
1 371 [2]
2 371 [3]
4 371 [6]
5 371 [7]
6 371 [0]
7 371 [4]
9 371 [5]
10 371 [5]
0 372 [1]
5 372 [6]
8 372 [4]
16 372 [2]
27 372 [7]
50 372 [5]
75 372 [3]
227 372 [2]
319 372 [2]
0 373 [1]
1 373 [2]
2 373 [3]
5 373 [7]
8 373 [4]
10 373 [5]
22 373 [0]
29 373 [0]
42 373 [5]
2 374 [3]
5 374 [7]
6 374 [0]
7 374 [4]
8 374 [5]
11 374 [2]
216 374 [1]
255 374 [6]
366 374 [1]
0 375 [1]
3 375 [6]
4 375 [6]
6 375 [0]
7 375 [4]
8 375 [5]
9 375 [5]
11 375 [7]
79 375 [3]
1 376 [2]
4 376 [1]
5 376 [6]
7 376 [1]
8 376 [4]
9 376 [7]
12 376 [5]
83 376 [3]
101 376 [7]
1 377 [1]
2 377 [3]
5 377 [6]
8 377 [4]
16 377 [5]
27 377 [7]
35 377 [0]
53 377 [0]
82 377 [2]
0 378 [1]
1 378 [2]
2 378 [3]
5 378 [6]
7 378 [7]
10 378 [5]
13 378 [0]
14 378 [7]
157 378 [5]
0 379 [1]
2 379 [3]
3 379 [6]
7 379 [5]
9 379 [5]
33 379 [0]
173 379 [7]
309 379 [1]
322 379 [1]
0 380 [1]
1 380 [2]
2 380 [3]
3 380 [6]
5 380 [7]
8 380 [5]
9 380 [5]
51 380 [4]
107 380 [0]
0 381 [1]
1 381 [2]
2 381 [3]
5 381 [7]
6 381 [7]
29 381 [0]
42 381 [5]
85 381 [5]
244 381 [1]
0 382 [1]
1 382 [2]
2 382 [3]
5 382 [7]
7 382 [4]
8 382 [4]
25 382 [2]
54 382 [6]
192 382 [1]
2 383 [3]
4 383 [2]
6 383 [6]
10 383 [1]
12 383 [5]
20 383 [4]
106 383 [7]
119 383 [7]
178 383 [0]
2 384 [3]
3 384 [6]
6 384 [0]
7 384 [4]
8 384 [5]
36 384 [1]
48 384 [2]
219 384 [1]
317 384 [0]
0 385 [1]
4 385 [6]
5 385 [6]
7 385 [7]
10 385 [5]
21 385 [3]
43 385 [3]
203 385 [4]
230 385 [0]
1 386 [2]
2 386 [3]
5 386 [6]
8 386 [4]
9 386 [7]
10 386 [5]
14 386 [7]
24 386 [3]
143 386 [3]
0 387 [1]
1 387 [2]
4 387 [6]
6 387 [7]
9 387 [5]
10 387 [5]
22 387 [0]
39 387 [3]
92 387 [2]
0 388 [1]
1 388 [2]
2 388 [3]
5 388 [7]
6 388 [0]
8 388 [4]
9 388 [5]
10 388 [5]
22 388 [0]
0 389 [1]
1 389 [2]
2 389 [3]
5 389 [6]
8 389 [4]
13 389 [0]
16 389 [7]
27 389 [7]
299 389 [4]
1 390 [1]
2 390 [3]
5 390 [6]
8 390 [4]
16 390 [5]
27 390 [7]
53 390 [0]
82 390 [2]
377 390 [3]
0 391 [1]
2 391 [3]
4 391 [6]
7 391 [4]
9 391 [5]
25 391 [2]
34 391 [2]
84 391 [0]
184 391 [1]
4 392 [6]
7 392 [4]
8 392 [4]
79 392 [3]
100 392 [7]
113 392 [1]
188 392 [7]
267 392 [5]
357 392 [1]
0 393 [1]
4 393 [6]
5 393 [7]
8 393 [4]
9 393 [5]
10 393 [5]
25 393 [2]
34 393 [0]
238 393 [3]
0 394 [1]
1 394 [2]
2 394 [3]
8 394 [4]
13 394 [0]
16 394 [7]
27 394 [7]
176 394 [5]
299 394 [5]
0 395 [1]
1 395 [2]
4 395 [6]
5 395 [6]
8 395 [4]
21 395 [3]
49 395 [5]
68 395 [7]
115 395 [5]
1 396 [2]
4 396 [6]
5 396 [7]
8 396 [4]
9 396 [5]
10 396 [5]
22 396 [0]
97 396 [1]
145 396 [1]
0 397 [1]
5 397 [6]
7 397 [7]
10 397 [5]
21 397 [3]
43 397 [4]
203 397 [4]
230 397 [0]
385 397 [3]
0 398 [1]
2 398 [3]
10 398 [5]
14 398 [5]
16 398 [0]
27 398 [0]
38 398 [6]
87 398 [7]
108 398 [2]
0 399 [1]
8 399 [4]
14 399 [0]
27 399 [2]
28 399 [2]
38 399 [7]
186 399 [3]
202 399 [5]
258 399 [3]
0 400 [1]
1 400 [2]
4 400 [6]
5 400 [6]
8 400 [4]
10 400 [5]
21 400 [3]
26 400 [0]
43 400 [0]
2 401 [3]
6 401 [0]
8 401 [4]
9 401 [5]
10 401 [5]
22 401 [0]
148 401 [1]
152 401 [7]
283 401 [0]
1 402 [2]
2 402 [3]
4 402 [2]
6 402 [6]
7 402 [1]
9 402 [4]
10 402 [0]
12 402 [7]
20 402 [7]
0 403 [1]
1 403 [2]
2 403 [3]
6 403 [7]
29 403 [0]
85 403 [4]
127 403 [4]
154 403 [6]
295 403 [3]
1 404 [2]
2 404 [3]
6 404 [0]
7 404 [7]
8 404 [4]
9 404 [0]
10 404 [5]
15 404 [1]
18 404 [3]
1 405 [2]
2 405 [3]
5 405 [7]
6 405 [7]
8 405 [4]
9 405 [5]
88 405 [1]
122 405 [1]
206 405 [0]
0 406 [1]
1 406 [2]
2 406 [3]
5 406 [6]
10 406 [5]
13 406 [0]
14 406 [7]
157 406 [4]
378 406 [3]
0 407 [1]
1 407 [2]
2 407 [3]
3 407 [6]
5 407 [7]
7 407 [5]
33 407 [1]
51 407 [0]
93 407 [4]
0 408 [1]
1 408 [2]
4 408 [6]
8 408 [4]
10 408 [5]
21 408 [3]
26 408 [0]
43 408 [0]
400 408 [2]
0 409 [1]
2 409 [3]
8 409 [4]
10 409 [5]
14 409 [0]
16 409 [0]
129 409 [7]
272 409 [2]
343 409 [7]
2 410 [3]
3 410 [6]
5 410 [7]
7 410 [5]
8 410 [5]
33 410 [0]
51 410 [4]
117 410 [2]
341 410 [1]
2 411 [3]
6 411 [6]
7 411 [1]
20 411 [0]
45 411 [0]
109 411 [2]
233 411 [2]
318 411 [5]
334 411 [3]
0 412 [1]
1 412 [2]
4 412 [6]
5 412 [6]
8 412 [4]
10 412 [5]
21 412 [3]
43 412 [0]
203 412 [0]
1 413 [2]
2 413 [3]
4 413 [2]
6 413 [6]
7 413 [6]
9 413 [3]
12 413 [5]
45 413 [7]
78 413 [4]
1 414 [2]
6 414 [7]
7 414 [7]
9 414 [0]
21 414 [3]
61 414 [1]
199 414 [1]
263 414 [4]
348 414 [2]
0 415 [1]
1 415 [2]
4 415 [6]
5 415 [7]
6 415 [7]
8 415 [4]
22 415 [0]
29 415 [0]
66 415 [6]
1 416 [2]
2 416 [3]
5 416 [6]
9 416 [7]
10 416 [5]
13 416 [0]
14 416 [7]
24 416 [1]
143 416 [0]
1 417 [2]
2 417 [3]
6 417 [0]
8 417 [4]
9 417 [5]
22 417 [0]
99 417 [7]
179 417 [1]
356 417 [0]
0 418 [1]
1 418 [2]
4 418 [6]
5 418 [6]
6 418 [7]
7 418 [0]
8 418 [4]
9 418 [0]
21 418 [3]
0 419 [1]
1 419 [2]
6 419 [7]
7 419 [7]
8 419 [4]
9 419 [0]
10 419 [5]
69 419 [3]
73 419 [6]
0 420 [1]
2 420 [3]
8 420 [4]
10 420 [5]
14 420 [0]
129 420 [7]
272 420 [2]
343 420 [2]
409 420 [5]
4 421 [6]
7 421 [4]
8 421 [4]
9 421 [5]
23 421 [2]
79 421 [3]
100 421 [7]
113 421 [1]
188 421 [5]
0 422 [1]
1 422 [2]
4 422 [6]
5 422 [6]
6 422 [7]
8 422 [4]
9 422 [0]
10 422 [5]
294 422 [1]
0 423 [1]
1 423 [2]
2 423 [3]
6 423 [7]
29 423 [0]
85 423 [6]
154 423 [6]
295 423 [5]
403 423 [4]
0 424 [1]
4 424 [6]
5 424 [7]
6 424 [7]
8 424 [4]
9 424 [5]
10 424 [5]
22 424 [0]
39 424 [1]
0 425 [1]
1 425 [2]
6 425 [7]
7 425 [0]
8 425 [4]
9 425 [0]
10 425 [5]
21 425 [3]
69 425 [3]
0 426 [1]
5 426 [6]
10 426 [5]
14 426 [7]
27 426 [7]
76 426 [3]
103 426 [3]
344 426 [4]
353 426 [7]
2 427 [3]
6 427 [6]
7 427 [1]
9 427 [4]
20 427 [0]
109 427 [2]
141 427 [1]
233 427 [1]
318 427 [5]
1 428 [1]
2 428 [3]
5 428 [6]
8 428 [4]
16 428 [0]
27 428 [7]
28 428 [0]
35 428 [0]
53 428 [2]
0 429 [1]
1 429 [2]
4 429 [6]
5 429 [7]
6 429 [7]
8 429 [4]
22 429 [3]
29 429 [0]
32 429 [0]
0 430 [1]
1 430 [2]
2 430 [3]
4 430 [6]
5 430 [7]
6 430 [0]
8 430 [4]
9 430 [5]
99 430 [1]
1 431 [1]
2 431 [3]
5 431 [6]
8 431 [4]
27 431 [7]
28 431 [0]
35 431 [6]
53 431 [2]
82 431 [2]
0 432 [1]
2 432 [3]
3 432 [6]
4 432 [0]
6 432 [4]
7 432 [4]
8 432 [5]
126 432 [5]
327 432 [1]
0 433 [1]
4 433 [6]
5 433 [7]
6 433 [7]
8 433 [4]
9 433 [5]
22 433 [0]
39 433 [3]
74 433 [7]
0 434 [1]
1 434 [2]
5 434 [6]
6 434 [7]
7 434 [7]
10 434 [5]
69 434 [3]
70 434 [3]
276 434 [4]
4 435 [6]
7 435 [4]
8 435 [4]
9 435 [5]
79 435 [3]
100 435 [7]
113 435 [1]
188 435 [0]
421 435 [1]
2 436 [3]
3 436 [6]
4 436 [0]
6 436 [0]
7 436 [4]
8 436 [5]
36 436 [1]
147 436 [7]
219 436 [7]
2 437 [3]
6 437 [6]
7 437 [1]
9 437 [4]
10 437 [0]
20 437 [0]
109 437 [2]
141 437 [5]
233 437 [7]
1 438 [2]
4 438 [6]
5 438 [6]
6 438 [7]
7 438 [7]
9 438 [0]
21 438 [3]
61 438 [5]
302 438 [1]
2 439 [3]
8 439 [4]
14 439 [0]
16 439 [2]
27 439 [2]
28 439 [2]
38 439 [7]
56 439 [7]
186 439 [5]
2 440 [3]
3 440 [6]
6 440 [0]
8 440 [5]
36 440 [1]
48 440 [2]
219 440 [1]
317 440 [7]
384 440 [3]
2 441 [3]
6 441 [6]
7 441 [1]
9 441 [4]
20 441 [0]
109 441 [2]
141 441 [5]
318 441 [5]
427 441 [1]
0 442 [1]
1 442 [2]
2 442 [3]
5 442 [6]
16 442 [2]
27 442 [7]
64 442 [0]
91 442 [4]
260 442 [2]
0 443 [1]
4 443 [6]
5 443 [7]
9 443 [5]
10 443 [5]
25 443 [2]
34 443 [0]
238 443 [3]
364 443 [6]
1 444 [2]
2 444 [3]
4 444 [6]
6 444 [0]
8 444 [4]
10 444 [5]
22 444 [0]
148 444 [1]
196 444 [7]
0 445 [1]
5 445 [6]
8 445 [4]
16 445 [2]
27 445 [7]
50 445 [5]
75 445 [0]
86 445 [0]
325 445 [6]
1 446 [2]
4 446 [1]
5 446 [6]
7 446 [1]
9 446 [7]
10 446 [0]
12 446 [5]
83 446 [3]
101 446 [7]
1 447 [2]
2 447 [3]
4 447 [1]
6 447 [6]
7 447 [1]
8 447 [4]
9 447 [7]
10 447 [5]
12 447 [5]
0 448 [1]
1 448 [2]
3 448 [6]
5 448 [7]
7 448 [5]
8 448 [5]
9 448 [5]
51 448 [4]
107 448 [0]
1 449 [1]
2 449 [3]
5 449 [6]
10 449 [5]
14 449 [3]
16 449 [7]
17 449 [0]
198 449 [2]
257 449 [1]
1 450 [2]
2 450 [3]
5 450 [6]
8 450 [4]
10 450 [5]
14 450 [7]
24 450 [6]
143 450 [1]
386 450 [5]
0 451 [1]
1 451 [2]
4 451 [6]
5 451 [6]
6 451 [7]
7 451 [7]
9 451 [0]
10 451 [5]
21 451 [3]
0 452 [1]
6 452 [7]
7 452 [7]
9 452 [0]
10 452 [5]
21 452 [3]
69 452 [3]
73 452 [2]
185 452 [6]
1 453 [2]
5 453 [6]
6 453 [0]
7 453 [7]
8 453 [4]
9 453 [0]
15 453 [1]
30 453 [5]
124 453 [6]
1 454 [2]
4 454 [6]
5 454 [7]
8 454 [4]
10 454 [5]
22 454 [3]
32 454 [0]
77 454 [1]
326 454 [5]
0 455 [1]
1 455 [2]
2 455 [3]
3 455 [6]
4 455 [0]
5 455 [7]
6 455 [4]
7 455 [5]
9 455 [0]
0 456 [1]
1 456 [2]
2 456 [3]
5 456 [7]
8 456 [4]
9 456 [5]
10 456 [5]
22 456 [0]
388 456 [0]
2 457 [3]
5 457 [7]
7 457 [5]
8 457 [5]
33 457 [0]
51 457 [4]
117 457 [2]
341 457 [1]
410 457 [4]
2 458 [3]
4 458 [0]
5 458 [7]
6 458 [0]
7 458 [4]
8 458 [5]
11 458 [2]
36 458 [1]
255 458 [6]
0 459 [1]
2 459 [3]
3 459 [6]
6 459 [0]
9 459 [5]
23 459 [2]
57 459 [7]
174 459 [7]
221 459 [7]
0 460 [1]
1 460 [2]
2 460 [3]
4 460 [6]
6 460 [7]
8 460 [4]
10 460 [5]
22 460 [0]
29 460 [5]
1 461 [2]
2 461 [3]
4 461 [1]
7 461 [1]
8 461 [4]
9 461 [7]
12 461 [5]
47 461 [0]
164 461 [0]
0 462 [1]
1 462 [2]
5 462 [6]
6 462 [7]
7 462 [7]
9 462 [0]
10 462 [5]
69 462 [3]
276 462 [4]
1 463 [2]
5 463 [6]
7 463 [1]
8 463 [4]
10 463 [0]
12 463 [5]
83 463 [3]
101 463 [7]
215 463 [4]
1 464 [2]
4 464 [6]
5 464 [6]
6 464 [7]
8 464 [4]
22 464 [3]
29 464 [0]
32 464 [0]
429 464 [1]
0 465 [1]
1 465 [2]
7 465 [7]
8 465 [4]
10 465 [5]
21 465 [3]
43 465 [4]
203 465 [0]
248 465 [6]
3 466 [6]
4 466 [6]
6 466 [0]
7 466 [4]
8 466 [5]
36 466 [1]
48 466 [2]
147 466 [3]
159 466 [6]
0 467 [1]
5 467 [6]
13 467 [0]
16 467 [7]
27 467 [7]
50 467 [5]
64 467 [0]
167 467 [2]
313 467 [5]
4 468 [6]
7 468 [4]
8 468 [4]
9 468 [5]
11 468 [2]
23 468 [2]
79 468 [3]
80 468 [1]
113 468 [1]
2 469 [3]
6 469 [6]
7 469 [1]
9 469 [4]
10 469 [0]
20 469 [0]
109 469 [2]
141 469 [5]
233 469 [7]
2 470 [3]
4 470 [6]
5 470 [7]
7 470 [4]
8 470 [4]
9 470 [5]
10 470 [5]
25 470 [2]
34 470 [0]
0 471 [1]
1 471 [2]
2 471 [3]
3 471 [6]
5 471 [7]
7 471 [5]
33 471 [1]
93 471 [4]
407 471 [3]
2 472 [3]
8 472 [4]
10 472 [5]
14 472 [0]
16 472 [0]
129 472 [7]
272 472 [2]
343 472 [6]
409 472 [6]
1 473 [2]
2 473 [3]
4 473 [2]
6 473 [6]
7 473 [6]
20 473 [4]
106 473 [4]
119 473 [0]
165 473 [6]
4 474 [6]
5 474 [6]
6 474 [7]
8 474 [4]
9 474 [0]
10 474 [5]
21 474 [3]
294 474 [1]
359 474 [0]
0 475 [1]
2 475 [3]
3 475 [6]
5 475 [7]
7 475 [5]
8 475 [5]
33 475 [0]
51 475 [4]
117 475 [2]
1 476 [2]
4 476 [6]
5 476 [6]
8 476 [4]
10 476 [5]
22 476 [3]
32 476 [0]
77 476 [1]
454 476 [2]
0 477 [1]
1 477 [2]
5 477 [6]
8 477 [4]
16 477 [2]
27 477 [7]
50 477 [5]
64 477 [0]
75 477 [0]
0 478 [1]
5 478 [6]
10 478 [5]
13 478 [0]
14 478 [0]
16 478 [7]
27 478 [7]
76 478 [3]
344 478 [4]
2 479 [3]
5 479 [6]
8 479 [4]
10 479 [5]
16 479 [0]
27 479 [7]
28 479 [0]
35 479 [0]
53 479 [2]
1 480 [2]
2 480 [3]
6 480 [0]
8 480 [4]
9 480 [5]
22 480 [0]
99 480 [7]
179 480 [1]
356 480 [6]
0 481 [1]
1 481 [2]
5 481 [6]
8 481 [4]
16 481 [2]
27 481 [7]
50 481 [5]
75 481 [0]
477 481 [7]
1 482 [2]
6 482 [7]
7 482 [7]
9 482 [0]
21 482 [3]
61 482 [1]
199 482 [1]
263 482 [4]
348 482 [6]
1 483 [2]
3 483 [6]
5 483 [7]
7 483 [5]
8 483 [5]
9 483 [5]
51 483 [4]
107 483 [0]
361 483 [7]
0 484 [1]
2 484 [3]
4 484 [6]
5 484 [7]
7 484 [4]
8 484 [4]
9 484 [5]
10 484 [5]
34 484 [0]
2 485 [3]
3 485 [6]
5 485 [7]
7 485 [5]
8 485 [5]
51 485 [4]
117 485 [2]
341 485 [1]
410 485 [3]
1 486 [2]
4 486 [6]
6 486 [0]
8 486 [4]
10 486 [5]
22 486 [3]
148 486 [7]
196 486 [7]
444 486 [3]
0 487 [6]
1 487 [2]
2 487 [6]
3 487 [6]
5 487 [7]
6 487 [4]
7 487 [5]
9 487 [5]
455 487 [2]
0 488 [1]
5 488 [6]
10 488 [5]
27 488 [7]
76 488 [3]
103 488 [2]
344 488 [4]
353 488 [2]
426 488 [7]
2 489 [3]
3 489 [6]
4 489 [0]
6 489 [0]
7 489 [4]
36 489 [1]
147 489 [7]
219 489 [7]
436 489 [3]
1 490 [2]
4 490 [1]
5 490 [6]
6 490 [6]
7 490 [1]
8 490 [4]
9 490 [7]
10 490 [0]
83 490 [3]
0 491 [1]
2 491 [3]
8 491 [4]
10 491 [5]
16 491 [0]
38 491 [6]
129 491 [7]
272 491 [2]
343 491 [6]
1 492 [2]
6 492 [0]
7 492 [7]
8 492 [4]
9 492 [7]
15 492 [1]
30 492 [5]
124 492 [6]
453 492 [7]
0 493 [1]
5 493 [6]
8 493 [4]
27 493 [7]
50 493 [5]
98 493 [0]
102 493 [3]
227 493 [2]
279 493 [1]
0 494 [1]
6 494 [7]
7 494 [7]
9 494 [0]
10 494 [5]
69 494 [3]
73 494 [2]
185 494 [6]
226 494 [7]
0 495 [1]
1 495 [2]
5 495 [7]
6 495 [7]
22 495 [3]
29 495 [0]
42 495 [5]
85 495 [4]
209 495 [4]
0 496 [1]
4 496 [6]
5 496 [7]
9 496 [5]
10 496 [5]
39 496 [3]
92 496 [4]
112 496 [2]
223 496 [1]
0 497 [1]
2 497 [3]
4 497 [0]
6 497 [4]
7 497 [4]
8 497 [5]
126 497 [2]
327 497 [7]
432 497 [3]
5 498 [7]
6 498 [7]
8 498 [4]
9 498 [5]
10 498 [5]
39 498 [3]
97 498 [1]
140 498 [0]
347 498 [4]
1 499 [2]
2 499 [3]
4 499 [6]
5 499 [6]
7 499 [7]
8 499 [4]
9 499 [0]
15 499 [1]
183 499 [0]
0 500 [1]
1 500 [2]
2 500 [3]
4 500 [6]
5 500 [7]
8 500 [4]
9 500 [5]
22 500 [0]
60 500 [1]
0 501 [1]
2 501 [3]
3 501 [6]
5 501 [7]
6 501 [4]
7 501 [5]
8 501 [5]
9 501 [5]
33 501 [4]
2 502 [3]
3 502 [6]
4 502 [0]
6 502 [0]
7 502 [4]
8 502 [5]
36 502 [1]
90 502 [7]
147 502 [7]
2 503 [3]
5 503 [6]
8 503 [4]
10 503 [5]
14 503 [5]
16 503 [0]
27 503 [7]
28 503 [2]
35 503 [2]
1 504 [2]
4 504 [6]
6 504 [0]
7 504 [7]
8 504 [4]
10 504 [5]
15 504 [1]
18 504 [3]
137 504 [5]
1 505 [2]
2 505 [3]
7 505 [1]
8 505 [4]
9 505 [7]
12 505 [5]
47 505 [0]
164 505 [6]
461 505 [1]
5 506 [7]
8 506 [4]
9 506 [5]
10 506 [5]
39 506 [3]
97 506 [1]
111 506 [6]
140 506 [6]
347 506 [2]
1 507 [2]
2 507 [3]
4 507 [6]
8 507 [4]
9 507 [5]
22 507 [0]
99 507 [7]
179 507 [1]
356 507 [6]
2 508 [3]
8 508 [4]
10 508 [5]
14 508 [0]
16 508 [0]
38 508 [6]
129 508 [7]
272 508 [2]
343 508 [6]
2 509 [3]
3 509 [6]
4 509 [0]
6 509 [0]
7 509 [4]
8 509 [5]
36 509 [1]
90 509 [7]
502 509 [0]
2 510 [3]
3 510 [6]
5 510 [7]
6 510 [0]
7 510 [4]
8 510 [5]
9 510 [5]
36 510 [1]
48 510 [2]
0 511 [1]
6 511 [7]
7 511 [7]
9 511 [0]
10 511 [5]
69 511 [3]
73 511 [2]
185 511 [6]
494 511 [2]
1 512 [2]
2 512 [3]
6 512 [7]
8 512 [4]
9 512 [5]
22 512 [0]
88 512 [1]
122 512 [0]
281 512 [4]
1 513 [2]
2 513 [3]
6 513 [0]
8 513 [4]
9 513 [5]
10 513 [5]
22 513 [0]
152 513 [7]
252 513 [5]
2 514 [3]
3 514 [6]
5 514 [7]
7 514 [5]
8 514 [5]
51 514 [4]
117 514 [2]
341 514 [1]
410 514 [0]
2 515 [3]
8 515 [4]
10 515 [5]
16 515 [0]
27 515 [7]
28 515 [0]
35 515 [0]
53 515 [2]
479 515 [6]
1 516 [2]
4 516 [6]
5 516 [7]
8 516 [4]
9 516 [5]
22 516 [0]
39 516 [1]
97 516 [1]
145 516 [1]
0 517 [1]
2 517 [3]
3 517 [6]
7 517 [5]
9 517 [5]
33 517 [0]
51 517 [4]
309 517 [4]
322 517 [2]
0 518 [1]
2 518 [3]
8 518 [4]
14 518 [0]
16 518 [2]
28 518 [2]
38 518 [7]
56 518 [7]
186 518 [5]
1 519 [2]
4 519 [6]
7 519 [7]
9 519 [0]
21 519 [3]
61 519 [1]
199 519 [4]
263 519 [4]
348 519 [5]
0 520 [1]
5 520 [7]
6 520 [7]
8 520 [4]
9 520 [5]
22 520 [0]
39 520 [3]
74 520 [2]
433 520 [1]
0 521 [1]
13 521 [0]
16 521 [2]
27 521 [7]
50 521 [5]
64 521 [0]
91 521 [4]
175 521 [3]
204 521 [7]
4 522 [6]
7 522 [4]
8 522 [4]
23 522 [2]
79 522 [3]
100 522 [7]
113 522 [1]
267 522 [5]
357 522 [0]
0 523 [1]
3 523 [6]
5 523 [7]
7 523 [5]
9 523 [5]
33 523 [0]
51 523 [4]
117 523 [4]
297 523 [3]
0 524 [1]
5 524 [6]
10 524 [5]
13 524 [0]
16 524 [7]
27 524 [7]
76 524 [3]
103 524 [2]
344 524 [4]
0 525 [1]
1 525 [2]
2 525 [3]
3 525 [6]
4 525 [0]
7 525 [4]
9 525 [5]
19 525 [7]
350 525 [6]
0 526 [1]
1 526 [2]
2 526 [3]
5 526 [7]
6 526 [0]
8 526 [4]
9 526 [5]
22 526 [0]
60 526 [1]
1 527 [2]
4 527 [6]
5 527 [7]
6 527 [7]
8 527 [4]
10 527 [5]
97 527 [1]
111 527 [0]
237 527 [1]
1 528 [1]
2 528 [3]
5 528 [6]
8 528 [4]
10 528 [5]
16 528 [0]
27 528 [7]
35 528 [2]
53 528 [2]
0 529 [1]
1 529 [2]
4 529 [6]
5 529 [6]
10 529 [5]
22 529 [3]
29 529 [7]
32 529 [0]
77 529 [1]
1 530 [2]
2 530 [3]
6 530 [6]
7 530 [1]
9 530 [4]
10 530 [0]
12 530 [5]
20 530 [7]
284 530 [0]
0 531 [1]
5 531 [6]
10 531 [5]
13 531 [0]
14 531 [7]
16 531 [7]
27 531 [7]
344 531 [4]
478 531 [7]
1 532 [2]
2 532 [3]
4 532 [6]
6 532 [0]
9 532 [5]
22 532 [0]
88 532 [1]
122 532 [1]
281 532 [6]
2 533 [3]
5 533 [6]
8 533 [4]
27 533 [7]
75 533 [3]
98 533 [0]
139 533 [2]
158 533 [5]
229 533 [4]
0 534 [1]
4 534 [6]
5 534 [7]
6 534 [7]
8 534 [4]
9 534 [5]
39 534 [3]
74 534 [2]
433 534 [6]
0 535 [1]
2 535 [3]
8 535 [4]
10 535 [5]
16 535 [0]
27 535 [6]
38 535 [2]
87 535 [7]
358 535 [6]
0 536 [1]
2 536 [3]
8 536 [4]
10 536 [5]
14 536 [0]
16 536 [2]
27 536 [7]
38 536 [7]
56 536 [7]
0 537 [1]
2 537 [3]
5 537 [7]
6 537 [7]
8 537 [4]
22 537 [0]
29 537 [0]
42 537 [5]
211 537 [2]
0 538 [1]
2 538 [3]
8 538 [4]
14 538 [0]
27 538 [7]
28 538 [2]
38 538 [7]
56 538 [7]
265 538 [2]
0 539 [1]
5 539 [6]
7 539 [7]
10 539 [5]
43 539 [4]
203 539 [4]
230 539 [0]
385 539 [2]
397 539 [3]
4 540 [6]
7 540 [4]
8 540 [4]
9 540 [5]
23 540 [2]
79 540 [3]
100 540 [7]
113 540 [1]
421 540 [2]
0 541 [1]
4 541 [6]
5 541 [7]
8 541 [4]
9 541 [5]
39 541 [3]
74 541 [2]
433 541 [0]
534 541 [5]
0 542 [1]
8 542 [4]
14 542 [0]
27 542 [2]
28 542 [2]
38 542 [7]
56 542 [7]
186 542 [3]
202 542 [5]
0 543 [1]
2 543 [3]
4 543 [6]
5 543 [7]
6 543 [0]
7 543 [4]
9 543 [5]
10 543 [5]
371 543 [0]
0 544 [1]
1 544 [2]
2 544 [3]
8 544 [4]
13 544 [0]
16 544 [7]
64 544 [0]
176 544 [5]
298 544 [7]
4 545 [6]
5 545 [6]
6 545 [7]
8 545 [4]
10 545 [5]
21 545 [3]
294 545 [1]
359 545 [0]
474 545 [4]
0 546 [1]
1 546 [2]
5 546 [6]
8 546 [4]
16 546 [2]
27 546 [7]
75 546 [0]
86 546 [0]
325 546 [3]
0 547 [1]
5 547 [6]
8 547 [4]
16 547 [2]
27 547 [7]
50 547 [5]
75 547 [0]
477 547 [3]
481 547 [1]
0 548 [1]
1 548 [2]
2 548 [3]
3 548 [6]
4 548 [0]
7 548 [4]
9 548 [5]
350 548 [3]
525 548 [2]
4 549 [6]
7 549 [4]
8 549 [4]
23 549 [2]
100 549 [7]
113 549 [1]
188 549 [0]
267 549 [5]
357 549 [0]
0 550 [1]
2 550 [3]
4 550 [6]
5 550 [7]
6 550 [7]
8 550 [4]
10 550 [5]
44 550 [4]
94 550 [4]
6 551 [0]
7 551 [4]
8 551 [4]
9 551 [5]
11 551 [2]
80 551 [1]
100 551 [7]
114 551 [6]
337 551 [4]
1 552 [2]
2 552 [3]
4 552 [2]
5 552 [6]
6 552 [6]
7 552 [1]
8 552 [4]
12 552 [5]
31 552 [0]
1 553 [2]
2 553 [3]
4 553 [2]
7 553 [6]
9 553 [3]
12 553 [5]
20 553 [1]
45 553 [0]
78 553 [4]
1 554 [2]
2 554 [3]
4 554 [1]
8 554 [4]
9 554 [7]
12 554 [5]
47 554 [0]
151 554 [6]
164 554 [6]
1 555 [2]
2 555 [3]
6 555 [6]
7 555 [1]
8 555 [4]
9 555 [7]
12 555 [5]
47 555 [0]
151 555 [6]
0 556 [1]
8 556 [4]
10 556 [5]
14 556 [0]
38 556 [2]
56 556 [7]
128 556 [7]
135 556 [3]
305 556 [3]
0 557 [1]
2 557 [3]
5 557 [7]
6 557 [7]
8 557 [4]
22 557 [0]
42 557 [5]
85 557 [4]
211 557 [2]
1 558 [2]
4 558 [6]
6 558 [0]
7 558 [7]
8 558 [4]
15 558 [1]
18 558 [3]
137 558 [5]
232 558 [1]
1 559 [2]
2 559 [3]
4 559 [1]
6 559 [6]
7 559 [1]
8 559 [4]
9 559 [7]
12 559 [5]
47 559 [0]
0 560 [1]
2 560 [3]
3 560 [6]
6 560 [0]
7 560 [4]
9 560 [5]
23 560 [2]
221 560 [3]
259 560 [6]
0 561 [1]
1 561 [1]
2 561 [3]
5 561 [6]
8 561 [4]
9 561 [4]
14 561 [3]
16 561 [0]
17 561 [2]
0 562 [1]
1 562 [2]
2 562 [3]
6 562 [7]
85 562 [6]
154 562 [6]
295 562 [5]
403 562 [4]
423 562 [0]
0 563 [1]
1 563 [2]
4 563 [6]
5 563 [7]
6 563 [0]
8 563 [4]
9 563 [5]
22 563 [0]
99 563 [7]
1 564 [2]
5 564 [7]
8 564 [4]
9 564 [5]
10 564 [5]
39 564 [2]
97 564 [1]
111 564 [6]
140 564 [2]
0 565 [1]
8 565 [4]
10 565 [5]
28 565 [2]
38 565 [2]
56 565 [7]
128 565 [3]
135 565 [3]
256 565 [6]
2 566 [3]
5 566 [6]
8 566 [4]
27 566 [7]
75 566 [3]
98 566 [0]
158 566 [5]
229 566 [1]
533 566 [0]
0 567 [1]
8 567 [4]
16 567 [2]
27 567 [7]
50 567 [5]
75 567 [3]
102 567 [3]
227 567 [0]
311 567 [5]
0 568 [1]
2 568 [3]
9 568 [7]
10 568 [5]
13 568 [0]
14 568 [7]
16 568 [7]
40 568 [6]
142 568 [2]
4 569 [6]
5 569 [6]
6 569 [7]
7 569 [7]
9 569 [0]
21 569 [3]
61 569 [5]
302 569 [1]
438 569 [3]
2 570 [3]
4 570 [2]
6 570 [6]
10 570 [1]
12 570 [5]
20 570 [4]
106 570 [0]
178 570 [0]
383 570 [0]
8 571 [4]
10 571 [5]
14 571 [5]
16 571 [0]
38 571 [6]
56 571 [2]
87 571 [1]
129 571 [1]
131 571 [7]
8 572 [4]
10 572 [5]
28 572 [2]
38 572 [2]
56 572 [7]
128 572 [3]
135 572 [3]
256 572 [6]
565 572 [6]
0 573 [1]
1 573 [2]
5 573 [6]
6 573 [7]
8 573 [4]
9 573 [0]
10 573 [5]
21 573 [3]
294 573 [1]
0 574 [1]
1 574 [2]
2 574 [3]
5 574 [6]
8 574 [4]
9 574 [7]
13 574 [0]
14 574 [7]
24 574 [1]
0 575 [1]
1 575 [1]
5 575 [6]
10 575 [5]
14 575 [3]
16 575 [7]
17 575 [0]
198 575 [4]
257 575 [4]
4 576 [1]
5 576 [6]
6 576 [6]
7 576 [1]
8 576 [4]
9 576 [7]
10 576 [0]
12 576 [5]
83 576 [3]
1 577 [2]
2 577 [3]
4 577 [6]
6 577 [0]
8 577 [4]
9 577 [5]
88 577 [1]
122 577 [1]
206 577 [6]
2 578 [3]
3 578 [6]
4 578 [0]
5 578 [7]
6 578 [0]
8 578 [5]
9 578 [5]
36 578 [1]
48 578 [2]
0 579 [1]
1 579 [2]
4 579 [6]
5 579 [6]
6 579 [7]
8 579 [4]
10 579 [5]
21 579 [3]
294 579 [1]
4 580 [6]
5 580 [7]
9 580 [5]
10 580 [5]
22 580 [0]
39 580 [3]
112 580 [2]
181 580 [1]
330 580 [2]
0 581 [1]
2 581 [3]
3 581 [6]
5 581 [7]
7 581 [5]
9 581 [5]
33 581 [0]
51 581 [4]
297 581 [2]
0 582 [1]
1 582 [2]
5 582 [6]
7 582 [7]
8 582 [4]
9 582 [0]
10 582 [5]
69 582 [3]
70 582 [4]
1 583 [2]
5 583 [6]
8 583 [4]
10 583 [0]
12 583 [5]
83 583 [3]
101 583 [7]
215 583 [6]
463 583 [4]
0 584 [1]
2 584 [3]
5 584 [6]
8 584 [4]
27 584 [7]
75 584 [0]
86 584 [0]
98 584 [0]
293 584 [6]
0 585 [1]
8 585 [4]
10 585 [5]
14 585 [0]
38 585 [2]
56 585 [7]
128 585 [4]
305 585 [6]
556 585 [2]
0 586 [1]
2 586 [3]
3 586 [6]
5 586 [7]
6 586 [4]
7 586 [4]
8 586 [5]
11 586 [2]
126 586 [7]
1 587 [2]
2 587 [3]
4 587 [6]
6 587 [0]
8 587 [4]
9 587 [5]
22 587 [0]
88 587 [1]
281 587 [4]
0 588 [1]
8 588 [4]
10 588 [5]
14 588 [0]
16 588 [2]
27 588 [7]
38 588 [7]
56 588 [7]
536 588 [5]
2 589 [3]
8 589 [4]
14 589 [0]
16 589 [2]
27 589 [2]
28 589 [2]
38 589 [7]
56 589 [7]
439 589 [5]
1 590 [2]
5 590 [6]
8 590 [4]
10 590 [5]
14 590 [7]
24 590 [1]
143 590 [1]
386 590 [0]
450 590 [6]
0 591 [1]
1 591 [2]
2 591 [3]
3 591 [6]
5 591 [7]
7 591 [5]
33 591 [0]
407 591 [0]
471 591 [5]
2 592 [3]
3 592 [6]
4 592 [0]
7 592 [4]
8 592 [5]
36 592 [1]
48 592 [2]
90 592 [7]
147 592 [7]
2 593 [3]
4 593 [0]
5 593 [7]
7 593 [4]
8 593 [5]
9 593 [5]
11 593 [2]
36 593 [1]
216 593 [6]
0 594 [1]
5 594 [6]
8 594 [4]
16 594 [2]
50 594 [5]
75 594 [3]
227 594 [0]
319 594 [0]
372 594 [3]
1 595 [2]
2 595 [3]
5 595 [6]
8 595 [4]
13 595 [0]
16 595 [7]
27 595 [7]
50 595 [5]
64 595 [0]
1 596 [2]
4 596 [6]
6 596 [7]
7 596 [7]
9 596 [0]
21 596 [3]
49 596 [4]
199 596 [4]
263 596 [5]
0 597 [1]
2 597 [3]
3 597 [6]
5 597 [7]
9 597 [5]
33 597 [0]
51 597 [4]
297 597 [2]
581 597 [2]
0 598 [1]
8 598 [4]
14 598 [0]
16 598 [2]
27 598 [7]
28 598 [2]
38 598 [7]
56 598 [7]
265 598 [6]
1 599 [2]
4 599 [6]
5 599 [7]
8 599 [4]
9 599 [5]
10 599 [5]
22 599 [0]
145 599 [1]
396 599 [2]
0 600 [1]
5 600 [6]
10 600 [5]
13 600 [0]
16 600 [7]
27 600 [7]
76 600 [3]
103 600 [4]
344 600 [4]
2 601 [3]
4 601 [6]
5 601 [7]
7 601 [4]
8 601 [4]
10 601 [5]
25 601 [2]
105 601 [3]
149 601 [4]
0 602 [1]
4 602 [6]
5 602 [7]
6 602 [7]
8 602 [4]
9 602 [5]
10 602 [5]
22 602 [0]
424 602 [3]
1 603 [2]
5 603 [6]
8 603 [4]
10 603 [5]
14 603 [7]
24 603 [1]
143 603 [1]
386 603 [0]
450 603 [3]
2 604 [3]
5 604 [7]
6 604 [0]
7 604 [4]
8 604 [5]
11 604 [2]
216 604 [1]
366 604 [2]
374 604 [7]
2 605 [3]
4 605 [2]
6 605 [2]
7 605 [6]
9 605 [3]
12 605 [5]
20 605 [1]
45 605 [0]
277 605 [1]
1 606 [2]
2 606 [3]
8 606 [4]
9 606 [7]
10 606 [5]
13 606 [0]
14 606 [7]
24 606 [1]
355 606 [6]
1 607 [2]
2 607 [3]
5 607 [6]
16 607 [2]
27 607 [7]
64 607 [0]
91 607 [4]
260 607 [5]
442 607 [3]
2 608 [3]
3 608 [6]
5 608 [7]
7 608 [5]
8 608 [5]
51 608 [4]
117 608 [2]
410 608 [6]
485 608 [4]
2 609 [3]
3 609 [6]
7 609 [5]
9 609 [5]
33 609 [0]
173 609 [7]
309 609 [4]
322 609 [2]
379 609 [1]
0 610 [1]
5 610 [7]
6 610 [0]
8 610 [4]
9 610 [5]
10 610 [5]
22 610 [0]
39 610 [1]
424 610 [2]
0 611 [1]
8 611 [4]
10 611 [5]
14 611 [0]
27 611 [7]
38 611 [7]
56 611 [7]
536 611 [3]
588 611 [3]
0 612 [1]
1 612 [2]
2 612 [3]
5 612 [7]
7 612 [4]
8 612 [4]
25 612 [0]
192 612 [0]
382 612 [1]
0 613 [1]
2 613 [3]
3 613 [6]
4 613 [0]
6 613 [4]
8 613 [5]
11 613 [2]
126 613 [6]
327 613 [7]
0 614 [1]
5 614 [6]
8 614 [4]
16 614 [2]
27 614 [7]
50 614 [5]
98 614 [0]
102 614 [0]
227 614 [0]
2 615 [3]
4 615 [6]
5 615 [6]
7 615 [7]
8 615 [4]
9 615 [0]
10 615 [5]
15 615 [1]
183 615 [5]
1 616 [2]
4 616 [1]
6 616 [6]
7 616 [1]
9 616 [7]
10 616 [0]
12 616 [5]
83 616 [3]
121 616 [5]
5 617 [7]
6 617 [7]
9 617 [5]
10 617 [5]
39 617 [3]
97 617 [1]
111 617 [0]
140 617 [2]
347 617 [2]
3 618 [6]
7 618 [4]
8 618 [5]
9 618 [5]
36 618 [1]
48 618 [2]
55 618 [3]
180 618 [7]
245 618 [0]
1 619 [2]
2 619 [3]
5 619 [6]
7 619 [7]
8 619 [4]
9 619 [7]
10 619 [5]
15 619 [1]
292 619 [5]
0 620 [1]
1 620 [2]
4 620 [6]
5 620 [7]
6 620 [7]
8 620 [4]
10 620 [5]
22 620 [3]
41 620 [7]
1 621 [1]
2 621 [3]
5 621 [6]
8 621 [4]
16 621 [5]
27 621 [7]
53 621 [0]
82 621 [0]
189 621 [2]
1 622 [2]
2 622 [3]
5 622 [6]
8 622 [4]
27 622 [7]
50 622 [5]
64 622 [0]
75 622 [0]
104 622 [1]
1 623 [1]
2 623 [3]
5 623 [6]
8 623 [4]
16 623 [5]
27 623 [7]
28 623 [7]
53 623 [0]
189 623 [2]
1 624 [2]
2 624 [3]
4 624 [6]
6 624 [0]
9 624 [5]
22 624 [0]
88 624 [1]
281 624 [6]
532 624 [0]
0 625 [1]
5 625 [6]
10 625 [5]
13 625 [0]
16 625 [7]
76 625 [3]
103 625 [2]
344 625 [4]
600 625 [3]
2 626 [3]
6 626 [6]
7 626 [1]
9 626 [4]
10 626 [0]
109 626 [2]
141 626 [5]
233 626 [7]
469 626 [7]
0 627 [1]
1 627 [2]
2 627 [3]
5 627 [6]
8 627 [4]
16 627 [2]
50 627 [5]
64 627 [0]
75 627 [0]
0 628 [1]
2 628 [3]
4 628 [6]
5 628 [7]
6 628 [0]
7 628 [4]
9 628 [5]
10 628 [5]
543 628 [4]
0 629 [1]
1 629 [2]
2 629 [3]
5 629 [7]
6 629 [7]
8 629 [4]
22 629 [0]
29 629 [0]
42 629 [5]
5 630 [6]
10 630 [5]
13 630 [0]
16 630 [7]
27 630 [7]
76 630 [3]
103 630 [2]
344 630 [4]
600 630 [0]
1 631 [2]
5 631 [6]
6 631 [7]
7 631 [7]
9 631 [0]
10 631 [5]
69 631 [3]
276 631 [4]
345 631 [6]
0 632 [1]
1 632 [2]
2 632 [3]
4 632 [6]
5 632 [7]
8 632 [4]
10 632 [5]
44 632 [2]
94 632 [2]
0 633 [1]
8 633 [4]
10 633 [5]
14 633 [6]
27 633 [7]
56 633 [7]
536 633 [6]
588 633 [6]
611 633 [4]
4 634 [6]
6 634 [0]
8 634 [5]
9 634 [5]
23 634 [7]
79 634 [3]
80 634 [7]
100 634 [7]
291 634 [3]
1 635 [2]
4 635 [1]
5 635 [6]
7 635 [1]
8 635 [4]
9 635 [7]
10 635 [0]
12 635 [5]
83 635 [3]
0 636 [1]
1 636 [2]
2 636 [3]
5 636 [7]
6 636 [0]
8 636 [4]
9 636 [5]
99 636 [0]
177 636 [7]
0 637 [1]
1 637 [2]
4 637 [6]
8 637 [4]
10 637 [5]
22 637 [3]
29 637 [7]
32 637 [0]
77 637 [1]
1 638 [2]
2 638 [3]
4 638 [2]
6 638 [6]
7 638 [1]
12 638 [5]
20 638 [4]
119 638 [7]
332 638 [3]
1 639 [2]
2 639 [3]
6 639 [0]
8 639 [4]
22 639 [0]
99 639 [7]
179 639 [1]
356 639 [6]
417 639 [3]
2 640 [3]
8 640 [4]
10 640 [5]
14 640 [0]
16 640 [0]
38 640 [6]
56 640 [2]
87 640 [1]
131 640 [7]
1 641 [2]
2 641 [3]
4 641 [1]
6 641 [6]
8 641 [4]
9 641 [7]
12 641 [5]
47 641 [0]
151 641 [6]
0 642 [1]
2 642 [3]
3 642 [6]
6 642 [4]
7 642 [4]
8 642 [5]
11 642 [2]
126 642 [7]
586 642 [0]
1 643 [1]
2 643 [3]
5 643 [6]
8 643 [4]
27 643 [7]
53 643 [0]
82 643 [0]
189 643 [2]
621 643 [3]
0 644 [1]
1 644 [2]
6 644 [7]
8 644 [4]
10 644 [5]
22 644 [0]
66 644 [3]
197 644 [3]
201 644 [2]
2 645 [3]
7 645 [1]
9 645 [4]
20 645 [0]
109 645 [2]
141 645 [5]
233 645 [5]
318 645 [5]
427 645 [7]
1 646 [2]
2 646 [3]
6 646 [0]
8 646 [4]
9 646 [5]
10 646 [5]
22 646 [0]
152 646 [6]
283 646 [6]
0 647 [1]
1 647 [2]
5 647 [6]
6 647 [7]
7 647 [7]
9 647 [0]
10 647 [5]
69 647 [3]
276 647 [4]
0 648 [1]
2 648 [3]
5 648 [7]
6 648 [7]
8 648 [4]
22 648 [0]
29 648 [0]
42 648 [5]
211 648 [2]
1 649 [2]
4 649 [1]
5 649 [6]
6 649 [6]
7 649 [1]
8 649 [4]
9 649 [7]
12 649 [5]
83 649 [3]
8 650 [4]
9 650 [5]
11 650 [2]
23 650 [2]
79 650 [3]
80 650 [1]
100 650 [7]
114 650 [6]
266 650 [0]
2 651 [3]
3 651 [6]
4 651 [0]
5 651 [7]
6 651 [0]
8 651 [5]
9 651 [5]
36 651 [2]
200 651 [4]
1 652 [2]
4 652 [6]
6 652 [0]
10 652 [5]
22 652 [0]
148 652 [1]
196 652 [7]
444 652 [1]
486 652 [4]
1 653 [2]
2 653 [3]
3 653 [6]
5 653 [7]
7 653 [5]
8 653 [5]
33 653 [1]
93 653 [4]
288 653 [0]
0 654 [1]
1 654 [2]
5 654 [6]
8 654 [4]
13 654 [0]
16 654 [7]
50 654 [5]
64 654 [0]
155 654 [3]
2 655 [3]
8 655 [4]
10 655 [5]
14 655 [5]
16 655 [0]
27 655 [7]
28 655 [2]
35 655 [2]
503 655 [2]
0 656 [1]
1 656 [2]
2 656 [3]
5 656 [7]
7 656 [4]
8 656 [4]
9 656 [5]
25 656 [2]
324 656 [6]
0 657 [1]
1 657 [2]
2 657 [3]
4 657 [6]
5 657 [7]
6 657 [7]
8 657 [4]
22 657 [0]
29 657 [0]
2 658 [3]
4 658 [0]
6 658 [0]
7 658 [4]
8 658 [5]
36 658 [1]
48 658 [2]
90 658 [7]
253 658 [6]
1 659 [1]
2 659 [3]
5 659 [6]
10 659 [5]
16 659 [0]
27 659 [7]
35 659 [2]
53 659 [2]
528 659 [6]
0 660 [1]
2 660 [3]
3 660 [6]
4 660 [0]
6 660 [4]
8 660 [5]
11 660 [2]
126 660 [7]
327 660 [7]
2 661 [3]
5 661 [7]
7 661 [4]
8 661 [4]
10 661 [5]
25 661 [2]
105 661 [1]
149 661 [1]
601 661 [6]
0 662 [1]
2 662 [3]
3 662 [6]
6 662 [0]
7 662 [4]
9 662 [5]
23 662 [2]
259 662 [7]
560 662 [3]
0 663 [1]
1 663 [2]
5 663 [7]
6 663 [7]
22 663 [0]
29 663 [0]
85 663 [4]
209 663 [4]
495 663 [1]
1 664 [2]
2 664 [3]
4 664 [2]
7 664 [6]
9 664 [3]
12 664 [5]
20 664 [1]
45 664 [4]
553 664 [7]
0 665 [1]
2 665 [3]
5 665 [7]
6 665 [7]
8 665 [4]
42 665 [5]
85 665 [6]
211 665 [2]
557 665 [1]
0 666 [1]
5 666 [6]
10 666 [5]
13 666 [0]
16 666 [7]
76 666 [3]
103 666 [4]
344 666 [4]
524 666 [5]
0 667 [1]
1 667 [1]
2 667 [3]
5 667 [6]
8 667 [4]
14 667 [3]
16 667 [7]
17 667 [0]
198 667 [4]
0 668 [1]
1 668 [2]
5 668 [6]
6 668 [7]
7 668 [7]
8 668 [4]
9 668 [0]
10 668 [5]
70 668 [4]
7 669 [4]
8 669 [4]
11 669 [2]
23 669 [2]
79 669 [3]
80 669 [1]
100 669 [7]
114 669 [6]
266 669 [0]
2 670 [3]
4 670 [0]
6 670 [0]
7 670 [4]
8 670 [5]
36 670 [1]
48 670 [2]
90 670 [7]
147 670 [7]
0 671 [1]
1 671 [2]
2 671 [3]
5 671 [6]
10 671 [5]
14 671 [0]
16 671 [2]
27 671 [7]
28 671 [2]
0 672 [1]
1 672 [2]
2 672 [3]
4 672 [6]
5 672 [7]
9 672 [5]
22 672 [3]
60 672 [1]
500 672 [0]
1 673 [2]
4 673 [6]
5 673 [6]
7 673 [7]
8 673 [4]
9 673 [0]
10 673 [5]
21 673 [3]
26 673 [0]
2 674 [3]
3 674 [6]
5 674 [7]
7 674 [5]
8 674 [5]
33 674 [0]
51 674 [4]
341 674 [1]
410 674 [0]
1 675 [2]
4 675 [6]
5 675 [6]
8 675 [4]
9 675 [0]
49 675 [4]
68 675 [7]
115 675 [5]
310 675 [5]
0 676 [1]
1 676 [2]
4 676 [6]
5 676 [6]
8 676 [4]
22 676 [4]
32 676 [0]
41 676 [0]
171 676 [7]
3 677 [6]
6 677 [0]
7 677 [4]
8 677 [5]
36 677 [1]
48 677 [2]
219 677 [1]
317 677 [7]
384 677 [4]
0 678 [1]
1 678 [2]
5 678 [7]
6 678 [7]
8 678 [4]
10 678 [5]
22 678 [0]
29 678 [0]
197 678 [6]
0 679 [1]
8 679 [4]
10 679 [5]
28 679 [2]
38 679 [2]
56 679 [7]
128 679 [3]
256 679 [6]
565 679 [1]
0 680 [1]
1 680 [2]
4 680 [6]
5 680 [6]
7 680 [7]
8 680 [4]
10 680 [5]
43 680 [0]
203 680 [0]
0 681 [1]
10 681 [5]
13 681 [0]
14 681 [7]
16 681 [7]
27 681 [7]
76 681 [3]
103 681 [4]
344 681 [4]
6 682 [0]
8 682 [4]
11 682 [2]
23 682 [2]
79 682 [3]
80 682 [1]
100 682 [7]
114 682 [6]
172 682 [1]
2 683 [3]
5 683 [6]
10 683 [5]
16 683 [0]
27 683 [7]
35 683 [2]
53 683 [2]
528 683 [4]
659 683 [1]
4 684 [1]
6 684 [6]
7 684 [1]
8 684 [4]
9 684 [7]
10 684 [0]
121 684 [0]
130 684 [5]
166 684 [2]
2 685 [3]
5 685 [6]
27 685 [7]
75 685 [3]
98 685 [0]
158 685 [5]
229 685 [1]
533 685 [2]
566 685 [3]
5 686 [7]
9 686 [5]
10 686 [5]
22 686 [0]
39 686 [3]
112 686 [2]
181 686 [1]
222 686 [1]
247 686 [4]
1 687 [2]
2 687 [3]
7 687 [1]
9 687 [4]
10 687 [0]
12 687 [5]
20 687 [7]
284 687 [2]
530 687 [4]
1 688 [2]
5 688 [6]
8 688 [4]
10 688 [0]
12 688 [5]
83 688 [3]
101 688 [7]
215 688 [1]
463 688 [1]
0 689 [1]
1 689 [2]
2 689 [3]
4 689 [6]
7 689 [4]
8 689 [4]
9 689 [5]
25 689 [0]
324 689 [6]
0 690 [3]
1 690 [2]
2 690 [3]
3 690 [4]
4 690 [0]
5 690 [7]
7 690 [5]
8 690 [5]
9 690 [5]
3 691 [6]
6 691 [0]
7 691 [4]
8 691 [5]
36 691 [1]
48 691 [2]
317 691 [7]
384 691 [4]
677 691 [2]
4 692 [6]
6 692 [0]
7 692 [4]
8 692 [5]
9 692 [5]
80 692 [1]
100 692 [7]
190 692 [5]
282 692 [3]
1 693 [1]
2 693 [3]
8 693 [4]
16 693 [5]
27 693 [7]
35 693 [0]
53 693 [0]
82 693 [2]
377 693 [7]
0 694 [1]
1 694 [2]
2 694 [3]
3 694 [6]
5 694 [7]
8 694 [5]
9 694 [5]
51 694 [4]
107 694 [0]
1 695 [2]
2 695 [3]
6 695 [0]
7 695 [7]
8 695 [4]
15 695 [1]
30 695 [5]
212 695 [6]
340 695 [1]
0 696 [1]
8 696 [4]
10 696 [5]
14 696 [6]
38 696 [2]
56 696 [7]
135 696 [3]
256 696 [6]
305 696 [6]
0 697 [1]
1 697 [2]
2 697 [3]
4 697 [0]
7 697 [4]
8 697 [5]
9 697 [5]
19 697 [7]
350 697 [7]
2 698 [3]
3 698 [6]
4 698 [0]
6 698 [0]
7 698 [4]
8 698 [5]
36 698 [1]
48 698 [2]
147 698 [7]
0 699 [1]
1 699 [1]
2 699 [3]
5 699 [6]
8 699 [4]
10 699 [5]
14 699 [3]
17 699 [2]
198 699 [2]
0 700 [1]
5 700 [6]
10 700 [5]
13 700 [0]
14 700 [7]
27 700 [7]
76 700 [3]
103 700 [2]
353 700 [0]
1 701 [2]
2 701 [3]
4 701 [1]
7 701 [1]
8 701 [4]
9 701 [7]
12 701 [5]
151 701 [6]
164 701 [6]
0 702 [1]
2 702 [3]
8 702 [4]
10 702 [5]
14 702 [0]
16 702 [0]
38 702 [2]
56 702 [7]
87 702 [7]
2 703 [3]
7 703 [4]
8 703 [4]
10 703 [5]
25 703 [2]
105 703 [1]
149 703 [0]
601 703 [6]
661 703 [5]
0 704 [1]
1 704 [2]
2 704 [3]
6 704 [7]
22 704 [0]
29 704 [0]
42 704 [5]
85 704 [4]
209 704 [6]
4 705 [6]
7 705 [7]
8 705 [4]
9 705 [7]
18 705 [3]
137 705 [5]
232 705 [1]
268 705 [0]
296 705 [0]
2 706 [3]
7 706 [1]
9 706 [4]
10 706 [0]
12 706 [5]
20 706 [7]
45 706 [7]
109 706 [2]
141 706 [5]
2 707 [3]
4 707 [0]
5 707 [7]
6 707 [0]
7 707 [4]
11 707 [2]
36 707 [1]
255 707 [6]
363 707 [0]
0 708 [1]
1 708 [2]
2 708 [3]
3 708 [6]
4 708 [4]
7 708 [4]
9 708 [5]
525 708 [7]
548 708 [6]
0 709 [1]
1 709 [2]
6 709 [7]
7 709 [7]
8 709 [4]
9 709 [0]
21 709 [3]
69 709 [3]
73 709 [6]
2 710 [3]
6 710 [6]
10 710 [1]
12 710 [5]
20 710 [4]
106 710 [0]
178 710 [0]
383 710 [7]
570 710 [5]
3 711 [6]
4 711 [6]
6 711 [0]
7 711 [4]
8 711 [5]
36 711 [1]
90 711 [3]
147 711 [7]
159 711 [7]
0 712 [1]
2 712 [3]
8 712 [4]
10 712 [5]
14 712 [0]
16 712 [0]
38 712 [6]
129 712 [7]
272 712 [2]
0 713 [1]
1 713 [2]
2 713 [3]
5 713 [7]
8 713 [4]
25 713 [0]
54 713 [6]
192 713 [5]
382 713 [6]
0 714 [1]
2 714 [3]
3 714 [6]
5 714 [7]
7 714 [5]
33 714 [1]
51 714 [0]
93 714 [4]
407 714 [0]
1 715 [2]
2 715 [3]
5 715 [6]
6 715 [0]
7 715 [7]
8 715 [4]
9 715 [0]
10 715 [5]
13 715 [0]
2 716 [3]
5 716 [6]
8 716 [4]
16 716 [2]
27 716 [7]
50 716 [5]
75 716 [0]
86 716 [0]
98 716 [0]
0 717 [1]
1 717 [2]
5 717 [6]
6 717 [7]
7 717 [7]
8 717 [4]
9 717 [0]
69 717 [3]
70 717 [3]
0 718 [1]
2 718 [3]
3 718 [6]
5 718 [7]
9 718 [5]
51 718 [4]
297 718 [2]
581 718 [4]
597 718 [3]
2 719 [3]
4 719 [2]
6 719 [6]
7 719 [6]
12 719 [5]
20 719 [1]
45 719 [7]
277 719 [7]
605 719 [6]
0 720 [1]
2 720 [3]
5 720 [7]
6 720 [7]
8 720 [4]
85 720 [4]
211 720 [2]
557 720 [0]
665 720 [5]
1 721 [2]
4 721 [6]
6 721 [0]
7 721 [7]
8 721 [4]
9 721 [7]
15 721 [1]
18 721 [3]
137 721 [5]
1 722 [2]
4 722 [6]
6 722 [7]
7 722 [7]
21 722 [3]
49 722 [4]
199 722 [5]
263 722 [5]
596 722 [5]
0 723 [1]
8 723 [4]
10 723 [5]
28 723 [2]
38 723 [2]
56 723 [7]
128 723 [3]
256 723 [6]
679 723 [0]
0 724 [1]
2 724 [3]
8 724 [4]
10 724 [5]
14 724 [0]
16 724 [0]
27 724 [6]
56 724 [7]
87 724 [7]
2 725 [3]
4 725 [0]
6 725 [0]
7 725 [4]
8 725 [5]
11 725 [2]
36 725 [1]
255 725 [6]
458 725 [4]
1 726 [1]
5 726 [6]
8 726 [4]
27 726 [7]
28 726 [0]
35 726 [0]
53 726 [2]
82 726 [2]
431 726 [2]
1 727 [2]
5 727 [7]
7 727 [5]
8 727 [5]
9 727 [5]
51 727 [4]
107 727 [0]
361 727 [1]
483 727 [7]
0 728 [1]
1 728 [2]
4 728 [6]
5 728 [7]
6 728 [7]
8 728 [4]
9 728 [5]
10 728 [5]
39 728 [3]
0 729 [1]
1 729 [2]
4 729 [6]
5 729 [7]
6 729 [7]
8 729 [4]
10 729 [5]
22 729 [0]
39 729 [3]
2 730 [3]
7 730 [4]
8 730 [4]
10 730 [0]
25 730 [2]
105 730 [1]
601 730 [7]
661 730 [1]
703 730 [4]
4 731 [6]
6 731 [0]
7 731 [4]
8 731 [5]
9 731 [5]
23 731 [7]
79 731 [3]
80 731 [7]
291 731 [0]
0 732 [1]
1 732 [2]
5 732 [6]
8 732 [4]
10 732 [5]
13 732 [0]
14 732 [7]
27 732 [7]
290 732 [0]
0 733 [1]
1 733 [2]
2 733 [3]
4 733 [6]
9 733 [5]
22 733 [0]
60 733 [1]
500 733 [0]
672 733 [0]
0 734 [1]
1 734 [2]
2 734 [3]
6 734 [7]
22 734 [0]
29 734 [0]
85 734 [4]
209 734 [6]
704 734 [6]
4 735 [6]
7 735 [4]
8 735 [5]
9 735 [5]
11 735 [2]
80 735 [1]
100 735 [7]
190 735 [3]
282 735 [3]
0 736 [1]
1 736 [2]
2 736 [3]
4 736 [6]
8 736 [4]
9 736 [5]
99 736 [7]
177 736 [7]
191 736 [1]
2 737 [3]
8 737 [4]
10 737 [5]
14 737 [5]
16 737 [0]
27 737 [7]
28 737 [2]
503 737 [6]
655 737 [7]
1 738 [2]
4 738 [6]
5 738 [6]
6 738 [7]
8 738 [4]
21 738 [3]
294 738 [1]
359 738 [0]
367 738 [6]
0 739 [1]
1 739 [2]
2 739 [3]
5 739 [6]
7 739 [7]
10 739 [5]
13 739 [0]
157 739 [4]
378 739 [6]
1 740 [2]
4 740 [1]
6 740 [6]
9 740 [7]
10 740 [0]
12 740 [5]
83 740 [3]
121 740 [5]
616 740 [2]
1 741 [2]
4 741 [6]
5 741 [6]
7 741 [7]
8 741 [4]
9 741 [0]
10 741 [5]
21 741 [3]
26 741 [0]
0 742 [1]
5 742 [6]
8 742 [4]
16 742 [2]
50 742 [5]
98 742 [3]
102 742 [3]
227 742 [0]
614 742 [5]
0 743 [1]
4 743 [6]
5 743 [7]
9 743 [5]
10 743 [5]
25 743 [2]
34 743 [0]
238 743 [3]
393 743 [2]
2 744 [3]
7 744 [1]
9 744 [4]
10 744 [0]
20 744 [0]
109 744 [2]
141 744 [5]
233 744 [7]
437 744 [1]
0 745 [1]
4 745 [6]
5 745 [7]
9 745 [5]
10 745 [5]
25 745 [2]
34 745 [0]
238 745 [3]
304 745 [0]
2 746 [3]
4 746 [2]
6 746 [6]
7 746 [1]
9 746 [4]
10 746 [0]
20 746 [7]
45 746 [7]
109 746 [2]
0 747 [1]
1 747 [2]
5 747 [6]
8 747 [4]
9 747 [0]
10 747 [5]
69 747 [3]
70 747 [4]
582 747 [6]
0 748 [1]
2 748 [3]
4 748 [6]
5 748 [7]
6 748 [0]
10 748 [5]
44 748 [0]
94 748 [0]
550 748 [1]
2 749 [3]
4 749 [0]
6 749 [0]
7 749 [4]
8 749 [5]
11 749 [2]
255 749 [6]
458 749 [7]
725 749 [4]
0 750 [1]
1 750 [2]
2 750 [3]
5 750 [6]
8 750 [4]
10 750 [5]
16 750 [2]
28 750 [2]
354 750 [3]
0 751 [1]
1 751 [2]
2 751 [3]
8 751 [4]
16 751 [2]
50 751 [5]
64 751 [0]
75 751 [0]
627 751 [3]
1 752 [1]
2 752 [3]
5 752 [6]
8 752 [4]
16 752 [5]
27 752 [7]
28 752 [1]
53 752 [2]
82 752 [2]
1 753 [2]
2 753 [3]
4 753 [6]
5 753 [7]
6 753 [7]
8 753 [4]
10 753 [5]
44 753 [4]
94 753 [2]
0 754 [1]
2 754 [3]
3 754 [6]
6 754 [0]
9 754 [5]
23 754 [7]
174 754 [7]
221 754 [7]
459 754 [4]
1 755 [2]
2 755 [3]
5 755 [6]
8 755 [4]
16 755 [2]
27 755 [7]
64 755 [0]
104 755 [1]
264 755 [0]
2 756 [3]
3 756 [6]
4 756 [0]
5 756 [7]
6 756 [0]
8 756 [5]
9 756 [5]
36 756 [1]
48 756 [2]
0 757 [1]
5 757 [6]
10 757 [5]
13 757 [0]
14 757 [7]
27 757 [7]
76 757 [3]
344 757 [4]
478 757 [3]
2 758 [3]
5 758 [6]
8 758 [4]
16 758 [5]
27 758 [7]
28 758 [7]
53 758 [0]
82 758 [2]
189 758 [2]
0 759 [1]
2 759 [3]
3 759 [6]
5 759 [7]
9 759 [5]
33 759 [0]
51 759 [4]
581 759 [0]
597 759 [0]
2 760 [3]
8 760 [4]
10 760 [5]
16 760 [0]
38 760 [6]
129 760 [7]
272 760 [2]
343 760 [6]
508 760 [7]
0 761 [1]
2 761 [3]
6 761 [7]
8 761 [4]
22 761 [0]
29 761 [0]
42 761 [5]
85 761 [6]
211 761 [2]
0 762 [1]
1 762 [2]
2 762 [3]
3 762 [6]
5 762 [7]
7 762 [5]
8 762 [5]
51 762 [4]
93 762 [4]
2 763 [3]
4 763 [2]
7 763 [1]
9 763 [4]
10 763 [0]
12 763 [5]
20 763 [7]
45 763 [7]
109 763 [2]
1 764 [2]
2 764 [3]
6 764 [7]
8 764 [4]
9 764 [5]
22 764 [0]
99 764 [7]
179 764 [1]
480 764 [4]
0 765 [1]
1 765 [2]
5 765 [6]
7 765 [7]
8 765 [4]
9 765 [0]
10 765 [5]
69 765 [3]
582 765 [7]
2 766 [3]
3 766 [6]
4 766 [0]
8 766 [5]
36 766 [1]
48 766 [2]
90 766 [7]
147 766 [7]
592 766 [3]
0 767 [1]
2 767 [3]
8 767 [4]
16 767 [0]
27 767 [6]
28 767 [2]
38 767 [2]
56 767 [7]
136 767 [6]
0 768 [1]
2 768 [3]
5 768 [6]
8 768 [4]
16 768 [2]
27 768 [7]
50 768 [5]
86 768 [0]
98 768 [0]
1 769 [2]
2 769 [3]
4 769 [6]
8 769 [4]
9 769 [5]
22 769 [0]
99 769 [7]
179 769 [1]
507 769 [4]
0 770 [1]
1 770 [2]
4 770 [6]
5 770 [6]
7 770 [7]
8 770 [4]
9 770 [0]
49 770 [5]
68 770 [7]
0 771 [1]
1 771 [2]
2 771 [3]
4 771 [6]
5 771 [7]
6 771 [0]
9 771 [5]
22 771 [0]
60 771 [1]
0 772 [1]
1 772 [2]
4 772 [6]
7 772 [7]
8 772 [4]
10 772 [5]
21 772 [3]
26 772 [0]
43 772 [0]
2 773 [3]
4 773 [0]
5 773 [7]
7 773 [4]
8 773 [5]
9 773 [5]
11 773 [2]
36 773 [1]
593 773 [0]
1 774 [2]
2 774 [3]
3 774 [6]
5 774 [7]
8 774 [5]
9 774 [5]
51 774 [4]
107 774 [0]
361 774 [1]
4 775 [2]
6 775 [6]
7 775 [6]
12 775 [5]
20 775 [1]
45 775 [7]
277 775 [4]
605 775 [0]
719 775 [4]
1 776 [2]
5 776 [6]
8 776 [4]
13 776 [0]
16 776 [7]
27 776 [7]
50 776 [5]
64 776 [0]
595 776 [7]
2 777 [3]
6 777 [6]
10 777 [1]
20 777 [4]
106 777 [0]
178 777 [0]
383 777 [7]
570 777 [2]
710 777 [7]
2 778 [3]
4 778 [0]
5 778 [7]
6 778 [0]
8 778 [5]
9 778 [5]
36 778 [1]
48 778 [2]
578 778 [1]
6 779 [0]
7 779 [4]
8 779 [4]
11 779 [2]
23 779 [2]
79 779 [3]
80 779 [1]
100 779 [7]
114 779 [6]
6 780 [7]
7 780 [7]
9 780 [0]
10 780 [5]
21 780 [3]
69 780 [3]
73 780 [2]
185 780 [6]
452 780 [7]
1 781 [2]
2 781 [3]
5 781 [6]
8 781 [4]
10 781 [5]
14 781 [7]
24 781 [1]
386 781 [0]
450 781 [3]
2 782 [3]
3 782 [6]
4 782 [0]
5 782 [7]
6 782 [0]
8 782 [5]
36 782 [2]
200 782 [4]
651 782 [7]
1 783 [2]
2 783 [3]
4 783 [6]
6 783 [7]
8 783 [4]
9 783 [5]
22 783 [0]
122 783 [7]
281 783 [4]
2 784 [3]
9 784 [4]
20 784 [0]
109 784 [2]
141 784 [5]
233 784 [5]
318 784 [7]
427 784 [7]
645 784 [5]
0 785 [1]
1 785 [2]
2 785 [3]
8 785 [4]
13 785 [0]
16 785 [7]
27 785 [7]
176 785 [5]
299 785 [5]
1 786 [2]
2 786 [3]
4 786 [6]
6 786 [0]
9 786 [5]
88 786 [1]
122 786 [2]
281 786 [4]
532 786 [4]
0 787 [1]
1 787 [2]
6 787 [7]
8 787 [4]
10 787 [5]
22 787 [0]
197 787 [6]
201 787 [6]
644 787 [1]
0 788 [1]
1 788 [2]
4 788 [6]
5 788 [6]
8 788 [4]
10 788 [5]
21 788 [3]
203 788 [0]
412 788 [3]
3 789 [6]
6 789 [0]
7 789 [4]
8 789 [5]
36 789 [1]
48 789 [2]
317 789 [7]
677 789 [3]
691 789 [0]
0 790 [1]
2 790 [3]
8 790 [4]
10 790 [5]
14 790 [0]
38 790 [6]
56 790 [2]
87 790 [7]
129 790 [7]
0 791 [1]
5 791 [6]
8 791 [4]
16 791 [2]
27 791 [7]
50 791 [5]
75 791 [0]
86 791 [0]
325 791 [3]
0 792 [1]
2 792 [3]
3 792 [6]
4 792 [0]
5 792 [7]
6 792 [4]
7 792 [4]
9 792 [5]
11 792 [2]
1 793 [2]
2 793 [3]
6 793 [0]
8 793 [4]
9 793 [5]
22 793 [3]
99 793 [7]
356 793 [6]
480 793 [6]
6 794 [6]
7 794 [1]
9 794 [4]
20 794 [0]
109 794 [2]
141 794 [5]
233 794 [7]
318 794 [7]
427 794 [7]
0 795 [1]
1 795 [2]
2 795 [3]
4 795 [6]
5 795 [7]
6 795 [0]
9 795 [5]
10 795 [5]
22 795 [0]
2 796 [3]
4 796 [0]
5 796 [7]
6 796 [4]
7 796 [4]
9 796 [5]
11 796 [2]
36 796 [1]
216 796 [6]
0 797 [1]
1 797 [2]
2 797 [3]
4 797 [6]
5 797 [7]
6 797 [0]
7 797 [4]
10 797 [5]
371 797 [2]
0 798 [1]
1 798 [2]
2 798 [3]
5 798 [7]
6 798 [0]
9 798 [5]
22 798 [0]
60 798 [1]
771 798 [4]
0 799 [1]
1 799 [2]
5 799 [7]
8 799 [4]
10 799 [5]
22 799 [3]
32 799 [3]
41 799 [7]
171 799 [3]
0 800 [1]
1 800 [2]
5 800 [6]
7 800 [7]
8 800 [4]
9 800 [0]
49 800 [5]
68 800 [7]
770 800 [7]
1 801 [2]
3 801 [6]
4 801 [0]
7 801 [4]
8 801 [5]
9 801 [5]
19 801 [3]
89 801 [1]
95 801 [7]
1 802 [2]
4 802 [6]
6 802 [7]
7 802 [7]
9 802 [0]
21 802 [3]
199 802 [4]
263 802 [5]
348 802 [5]
6 803 [6]
7 803 [1]
20 803 [0]
109 803 [2]
141 803 [5]
233 803 [7]
318 803 [7]
427 803 [7]
794 803 [3]
1 804 [2]
2 804 [3]
6 804 [6]
7 804 [6]
20 804 [1]
106 804 [4]
119 804 [1]
165 804 [7]
473 804 [5]
2 805 [3]
4 805 [2]
7 805 [1]
9 805 [4]
10 805 [0]
20 805 [7]
45 805 [7]
109 805 [2]
763 805 [3]
0 806 [1]
8 806 [4]
10 806 [5]
28 806 [2]
38 806 [2]
56 806 [7]
128 806 [3]
256 806 [6]
679 806 [0]
1 807 [2]
2 807 [3]
6 807 [6]
7 807 [1]
9 807 [4]
10 807 [0]
12 807 [5]
20 807 [7]
530 807 [6]
1 808 [2]
2 808 [3]
5 808 [6]
6 808 [0]
8 808 [4]
9 808 [0]
10 808 [5]
13 808 [0]
715 808 [7]
2 809 [3]
6 809 [6]
7 809 [1]
10 809 [0]
20 809 [0]
109 809 [2]
141 809 [5]
233 809 [7]
469 809 [4]
0 810 [1]
2 810 [3]
8 810 [4]
14 810 [0]
16 810 [2]
27 810 [2]
28 810 [2]
56 810 [7]
186 810 [5]
0 811 [1]
1 811 [2]
2 811 [3]
3 811 [6]
5 811 [7]
7 811 [5]
33 811 [4]
51 811 [4]
173 811 [7]
0 812 [1]
1 812 [2]
2 812 [3]
4 812 [6]
6 812 [7]
8 812 [4]
10 812 [5]
22 812 [0]
351 812 [2]
0 813 [1]
3 813 [6]
5 813 [7]
7 813 [5]
33 813 [0]
51 813 [0]
93 813 [4]
407 813 [0]
714 813 [2]
0 814 [1]
4 814 [6]
5 814 [7]
6 814 [7]
9 814 [5]
10 814 [5]
22 814 [0]
39 814 [3]
181 814 [1]
1 815 [2]
4 815 [6]
6 815 [7]
7 815 [0]
8 815 [4]
9 815 [0]
10 815 [5]
21 815 [3]
195 815 [1]
6 816 [0]
7 816 [4]
8 816 [4]
9 816 [5]
11 816 [2]
23 816 [2]
79 816 [3]
80 816 [1]
114 816 [6]
0 817 [1]
1 817 [2]
7 817 [7]
8 817 [4]
9 817 [0]
10 817 [5]
69 817 [3]
73 817 [6]
275 817 [2]
4 818 [6]
7 818 [4]
8 818 [4]
79 818 [3]
100 818 [7]
113 818 [1]
188 818 [0]
267 818 [5]
357 818 [0]
1 819 [2]
4 819 [1]
6 819 [6]
7 819 [1]
8 819 [4]
10 819 [0]
121 819 [3]
130 819 [5]
166 819 [3]
4 820 [6]
7 820 [4]
8 820 [5]
9 820 [5]
11 820 [2]
80 820 [1]
100 820 [7]
282 820 [3]
735 820 [6]
0 821 [1]
1 821 [2]
2 821 [3]
6 821 [7]
154 821 [6]
295 821 [5]
403 821 [4]
423 821 [0]
562 821 [6]
1 822 [1]
2 822 [3]
8 822 [4]
10 822 [5]
16 822 [0]
27 822 [7]
28 822 [2]
35 822 [2]
53 822 [2]
1 823 [2]
2 823 [3]
4 823 [1]
6 823 [6]
8 823 [4]
9 823 [7]
47 823 [0]
151 823 [6]
641 823 [5]
0 824 [1]
1 824 [2]
2 824 [3]
7 824 [4]
8 824 [4]
9 824 [5]
25 824 [0]
324 824 [6]
689 824 [7]
4 825 [6]
7 825 [4]
8 825 [4]
23 825 [2]
79 825 [3]
100 825 [7]
113 825 [1]
357 825 [0]
522 825 [1]
2 826 [3]
4 826 [6]
5 826 [7]
7 826 [4]
8 826 [4]
10 826 [5]
25 826 [2]
105 826 [1]
149 826 [0]
0 827 [1]
2 827 [3]
14 827 [0]
16 827 [2]
27 827 [2]
28 827 [2]
38 827 [7]
56 827 [7]
186 827 [5]
1 828 [2]
2 828 [3]
4 828 [6]
6 828 [0]
8 828 [4]
9 828 [5]
22 828 [0]
179 828 [1]
356 828 [6]
1 829 [2]
2 829 [3]
3 829 [6]
8 829 [5]
9 829 [5]
51 829 [4]
107 829 [0]
361 829 [1]
774 829 [5]
0 830 [1]
2 830 [3]
8 830 [4]
14 830 [0]
16 830 [2]
27 830 [2]
56 830 [7]
186 830 [5]
810 830 [5]
0 831 [1]
1 831 [2]
7 831 [7]
10 831 [5]
21 831 [3]
43 831 [4]
203 831 [0]
248 831 [6]
465 831 [7]
0 832 [1]
8 832 [4]
10 832 [5]
14 832 [0]
16 832 [0]
27 832 [6]
38 832 [2]
56 832 [7]
243 832 [1]
4 833 [6]
5 833 [6]
6 833 [7]
8 833 [4]
9 833 [0]
10 833 [5]
21 833 [3]
359 833 [0]
474 833 [2]
4 834 [6]
7 834 [4]
8 834 [4]
79 834 [3]
100 834 [7]
188 834 [0]
267 834 [5]
357 834 [2]
818 834 [5]
0 835 [1]
1 835 [2]
2 835 [3]
5 835 [6]
8 835 [4]
13 835 [0]
16 835 [7]
299 835 [5]
389 835 [5]
0 836 [1]
2 836 [3]
6 836 [7]
22 836 [0]
29 836 [0]
85 836 [6]
209 836 [6]
704 836 [5]
734 836 [2]
0 837 [1]
2 837 [3]
3 837 [6]
5 837 [7]
7 837 [5]
8 837 [5]
51 837 [4]
93 837 [4]
762 837 [3]
0 838 [1]
1 838 [2]
4 838 [6]
5 838 [7]
6 838 [7]
9 838 [5]
22 838 [0]
39 838 [3]
92 838 [2]
2 839 [3]
6 839 [6]
20 839 [4]
45 839 [0]
109 839 [2]
233 839 [2]
318 839 [7]
334 839 [4]
411 839 [4]
0 840 [1]
1 840 [2]
4 840 [6]
9 840 [5]
22 840 [0]
60 840 [1]
500 840 [0]
672 840 [7]
733 840 [7]
4 841 [1]
5 841 [6]
7 841 [1]
8 841 [4]
10 841 [0]
12 841 [5]
83 841 [3]
101 841 [7]
215 841 [1]
2 842 [3]
3 842 [6]
5 842 [7]
9 842 [5]
33 842 [0]
51 842 [4]
297 842 [2]
581 842 [0]
597 842 [0]
0 843 [1]
2 843 [3]
5 843 [7]
7 843 [4]
10 843 [5]
25 843 [2]
34 843 [1]
105 843 [1]
287 843 [6]
1 844 [2]
2 844 [3]
3 844 [6]
8 844 [5]
9 844 [5]
51 844 [4]
107 844 [0]
774 844 [7]
829 844 [4]
2 845 [3]
8 845 [4]
10 845 [5]
16 845 [0]
27 845 [7]
28 845 [2]
35 845 [2]
53 845 [2]
822 845 [7]
6 846 [0]
7 846 [4]
8 846 [5]
9 846 [5]
11 846 [2]
23 846 [2]
79 846 [3]
100 846 [7]
114 846 [6]
0 847 [1]
13 847 [0]
16 847 [2]
27 847 [7]
50 847 [5]
64 847 [0]
91 847 [4]
204 847 [7]
521 847 [4]
1 848 [2]
4 848 [1]
6 848 [6]
7 848 [1]
9 848 [7]
10 848 [0]
12 848 [5]
83 848 [3]
121 848 [5]
1 849 [2]
4 849 [6]
5 849 [7]
6 849 [7]
9 849 [5]
10 849 [5]
39 849 [3]
97 849 [1]
111 849 [0]
0 850 [1]
1 850 [2]
4 850 [6]
5 850 [6]
6 850 [7]
7 850 [7]
8 850 [4]
21 850 [3]
49 850 [5]
4 851 [1]
6 851 [6]
7 851 [1]
8 851 [4]
10 851 [0]
121 851 [5]
130 851 [5]
166 851 [2]
684 851 [1]
2 852 [3]
4 852 [2]
6 852 [6]
9 852 [3]
12 852 [5]
20 852 [1]
45 852 [7]
277 852 [4]
605 852 [0]
0 853 [1]
5 853 [7]
8 853 [4]
22 853 [0]
29 853 [0]
42 853 [5]
85 853 [4]
211 853 [2]
231 853 [6]
0 854 [1]
1 854 [2]
4 854 [6]
5 854 [6]
7 854 [7]
10 854 [5]
21 854 [3]
43 854 [4]
230 854 [0]
0 855 [1]
2 855 [3]
4 855 [6]
9 855 [5]
22 855 [0]
60 855 [1]
500 855 [4]
672 855 [7]
733 855 [4]
1 856 [2]
4 856 [6]
5 856 [7]
6 856 [7]
8 856 [4]
22 856 [3]
29 856 [0]
32 856 [0]
464 856 [5]
2 857 [3]
4 857 [0]
5 857 [7]
6 857 [0]
7 857 [4]
11 857 [2]
36 857 [1]
216 857 [6]
255 857 [6]
2 858 [3]
6 858 [6]
7 858 [1]
10 858 [0]
109 858 [2]
141 858 [5]
233 858 [7]
469 858 [4]
626 858 [1]
0 859 [1]
2 859 [3]
8 859 [4]
14 859 [0]
16 859 [0]
38 859 [6]
129 859 [7]
272 859 [2]
343 859 [1]
0 860 [1]
2 860 [3]
6 860 [4]
7 860 [4]
8 860 [5]
126 860 [2]
327 860 [7]
432 860 [6]
497 860 [1]
0 861 [1]
5 861 [6]
8 861 [4]
16 861 [2]
27 861 [7]
50 861 [5]
98 861 [0]
102 861 [0]
161 861 [2]
1 862 [2]
2 862 [3]
5 862 [6]
6 862 [0]
8 862 [4]
9 862 [7]
10 862 [5]
15 862 [1]
30 862 [5]
4 863 [6]
7 863 [4]
8 863 [4]
23 863 [2]
79 863 [3]
100 863 [7]
113 863 [1]
421 863 [0]
540 863 [7]
2 864 [3]
8 864 [4]
10 864 [5]
14 864 [5]
16 864 [0]
27 864 [7]
28 864 [2]
655 864 [1]
737 864 [3]
0 865 [1]
2 865 [3]
8 865 [4]
10 865 [5]
16 865 [0]
27 865 [6]
38 865 [2]
87 865 [7]
358 865 [5]
1 866 [2]
4 866 [2]
6 866 [6]
7 866 [1]
10 866 [1]
12 866 [5]
20 866 [4]
45 866 [0]
106 866 [7]
1 867 [2]
2 867 [3]
4 867 [2]
5 867 [6]
7 867 [1]
8 867 [4]
12 867 [5]
31 867 [7]
552 867 [5]
1 868 [2]
4 868 [6]
6 868 [0]
7 868 [7]
8 868 [4]
9 868 [0]
15 868 [1]
18 868 [3]
232 868 [1]
1 869 [2]
2 869 [3]
8 869 [4]
10 869 [5]
14 869 [7]
24 869 [1]
386 869 [0]
450 869 [3]
781 869 [3]
1 870 [2]
4 870 [1]
6 870 [6]
7 870 [1]
8 870 [4]
9 870 [7]
12 870 [5]
47 870 [0]
559 870 [2]
7 871 [4]
8 871 [4]
9 871 [5]
23 871 [2]
79 871 [3]
80 871 [1]
100 871 [7]
114 871 [6]
266 871 [0]
2 872 [3]
4 872 [0]
5 872 [7]
6 872 [4]
7 872 [4]
8 872 [5]
11 872 [2]
36 872 [1]
216 872 [6]
2 873 [3]
8 873 [4]
10 873 [5]
16 873 [0]
27 873 [7]
28 873 [2]
35 873 [2]
53 873 [2]
845 873 [5]
0 874 [1]
7 874 [7]
9 874 [0]
10 874 [5]
21 874 [3]
69 874 [3]
73 874 [6]
132 874 [4]
185 874 [4]
1 875 [2]
5 875 [6]
6 875 [6]
7 875 [1]
8 875 [4]
9 875 [7]
10 875 [0]
12 875 [5]
83 875 [3]
0 876 [1]
1 876 [2]
2 876 [3]
8 876 [4]
10 876 [5]
14 876 [0]
16 876 [2]
27 876 [7]
28 876 [2]
0 877 [1]
2 877 [3]
8 877 [4]
9 877 [7]
10 877 [5]
13 877 [0]
14 877 [7]
16 877 [7]
40 877 [6]
0 878 [1]
1 878 [2]
6 878 [7]
8 878 [4]
22 878 [0]
66 878 [3]
197 878 [6]
201 878 [6]
644 878 [3]
1 879 [2]
4 879 [1]
6 879 [6]
7 879 [1]
8 879 [4]
9 879 [7]
83 879 [3]
121 879 [3]
130 879 [2]
7 880 [1]
20 880 [0]
109 880 [2]
141 880 [5]
233 880 [7]
318 880 [7]
427 880 [3]
794 880 [3]
803 880 [7]
0 881 [1]
2 881 [3]
3 881 [6]
4 881 [0]
6 881 [4]
11 881 [2]
126 881 [7]
327 881 [7]
613 881 [2]
0 882 [1]
8 882 [4]
10 882 [5]
28 882 [2]
38 882 [2]
128 882 [3]
135 882 [6]
256 882 [6]
565 882 [0]
1 883 [2]
2 883 [3]
4 883 [2]
5 883 [6]
6 883 [6]
7 883 [1]
8 883 [4]
12 883 [5]
31 883 [0]
2 884 [3]
4 884 [6]
7 884 [4]
9 884 [5]
25 884 [2]
34 884 [2]
84 884 [0]
184 884 [7]
391 884 [7]
0 885 [1]
2 885 [3]
5 885 [6]
8 885 [4]
13 885 [0]
16 885 [7]
27 885 [7]
176 885 [5]
299 885 [5]
0 886 [1]
8 886 [4]
14 886 [0]
27 886 [7]
28 886 [2]
38 886 [7]
56 886 [7]
265 886 [6]
538 886 [5]
10 887 [5]
14 887 [0]
16 887 [0]
38 887 [6]
56 887 [2]
87 887 [1]
129 887 [1]
131 887 [7]
571 887 [0]
4 888 [6]
6 888 [0]
7 888 [4]
8 888 [5]
9 888 [5]
11 888 [2]
79 888 [1]
80 888 [1]
190 888 [3]
1 889 [2]
4 889 [6]
6 889 [0]
7 889 [7]
8 889 [4]
18 889 [3]
137 889 [5]
232 889 [1]
558 889 [2]
2 890 [3]
8 890 [4]
14 890 [5]
16 890 [0]
38 890 [6]
56 890 [2]
129 890 [3]
131 890 [7]
225 890 [0]
1 891 [2]
2 891 [3]
5 891 [6]
6 891 [0]
8 891 [4]
9 891 [0]
10 891 [5]
13 891 [0]
715 891 [1]
0 892 [1]
10 892 [5]
14 892 [0]
38 892 [2]
56 892 [7]
128 892 [3]
305 892 [6]
556 892 [3]
585 892 [6]
0 893 [1]
1 893 [2]
8 893 [4]
16 893 [2]
27 893 [7]
50 893 [5]
64 893 [0]
75 893 [0]
477 893 [3]
0 894 [1]
2 894 [3]
4 894 [0]
6 894 [4]
7 894 [4]
126 894 [2]
327 894 [7]
432 894 [6]
497 894 [0]
4 895 [6]
7 895 [4]
8 895 [4]
100 895 [7]
188 895 [0]
267 895 [5]
357 895 [2]
818 895 [1]
834 895 [2]
0 896 [1]
1 896 [2]
2 896 [3]
5 896 [7]
8 896 [4]
10 896 [5]
25 896 [2]
54 896 [6]
192 896 [0]
0 897 [1]
1 897 [2]
2 897 [3]
3 897 [6]
5 897 [7]
33 897 [0]
51 897 [4]
93 897 [4]
407 897 [2]
1 898 [2]
2 898 [3]
6 898 [6]
7 898 [1]
9 898 [4]
10 898 [0]
12 898 [5]
20 898 [7]
45 898 [7]
5 899 [6]
6 899 [7]
7 899 [7]
8 899 [4]
9 899 [7]
10 899 [5]
15 899 [1]
30 899 [5]
213 899 [0]
1 900 [2]
4 900 [6]
5 900 [7]
8 900 [4]
9 900 [5]
10 900 [5]
22 900 [0]
39 900 [3]
352 900 [4]
0 901 [1]
1 901 [2]
8 901 [4]
9 901 [7]
10 901 [5]
13 901 [0]
14 901 [7]
24 901 [1]
355 901 [6]
0 902 [1]
2 902 [3]
8 902 [4]
16 902 [0]
38 902 [6]
129 902 [7]
272 902 [2]
343 902 [6]
491 902 [2]
0 903 [1]
1 903 [2]
2 903 [3]
5 903 [6]
8 903 [4]
10 903 [5]
14 903 [7]
27 903 [7]
290 903 [3]
0 904 [1]
1 904 [1]
5 904 [6]
8 904 [4]
9 904 [4]
14 904 [3]
16 904 [7]
17 904 [5]
59 904 [5]
1 905 [2]
2 905 [3]
6 905 [0]
8 905 [4]
22 905 [0]
99 905 [6]
179 905 [1]
356 905 [6]
480 905 [4]
1 906 [2]
4 906 [6]
7 906 [7]
8 906 [4]
18 906 [3]
137 906 [5]
232 906 [1]
558 906 [7]
889 906 [2]
6 907 [7]
7 907 [7]
9 907 [0]
21 907 [3]
69 907 [3]
73 907 [2]
185 907 [4]
452 907 [4]
780 907 [6]
0 908 [1]
2 908 [3]
3 908 [6]
5 908 [7]
9 908 [5]
51 908 [4]
297 908 [2]
597 908 [0]
718 908 [2]
1 909 [2]
2 909 [3]
5 909 [6]
16 909 [2]
27 909 [7]
64 909 [0]
91 909 [4]
442 909 [1]
607 909 [1]
2 910 [3]
4 910 [2]
6 910 [6]
7 910 [6]
12 910 [5]
20 910 [1]
277 910 [4]
605 910 [0]
719 910 [3]
1 911 [2]
2 911 [3]
5 911 [7]
6 911 [0]
8 911 [4]
9 911 [5]
88 911 [1]
122 911 [3]
346 911 [0]
2 912 [3]
6 912 [0]
8 912 [4]
9 912 [5]
10 912 [5]
22 912 [0]
148 912 [7]
152 912 [7]
401 912 [2]
0 913 [1]
2 913 [3]
3 913 [6]
4 913 [4]
7 913 [4]
9 913 [5]
19 913 [7]
350 913 [7]
525 913 [7]
0 914 [1]
1 914 [2]
2 914 [3]
5 914 [7]
6 914 [7]
8 914 [4]
10 914 [5]
22 914 [0]
29 914 [5]
1 915 [2]
2 915 [3]
5 915 [6]
7 915 [7]
8 915 [4]
9 915 [7]
10 915 [5]
292 915 [0]
619 915 [1]
0 916 [1]
1 916 [2]
4 916 [6]
8 916 [4]
21 916 [3]
49 916 [5]
68 916 [7]
115 916 [5]
395 916 [0]
1 917 [2]
4 917 [6]
5 917 [6]
6 917 [7]
7 917 [7]
9 917 [0]
21 917 [3]
61 917 [5]
438 917 [4]
1 918 [2]
2 918 [3]
4 918 [2]
7 918 [1]
8 918 [4]
12 918 [5]
31 918 [7]
552 918 [0]
867 918 [7]
1 919 [2]
2 919 [3]
6 919 [7]
29 919 [0]
85 919 [5]
127 919 [4]
154 919 [5]
295 919 [5]
403 919 [4]
2 920 [3]
4 920 [6]
5 920 [6]
6 920 [7]
7 920 [7]
8 920 [4]
9 920 [0]
10 920 [5]
15 920 [1]
1 921 [2]
4 921 [6]
5 921 [6]
7 921 [7]
8 921 [4]
10 921 [5]
21 921 [3]
26 921 [0]
741 921 [4]
0 922 [1]
2 922 [3]
3 922 [6]
5 922 [7]
7 922 [5]
8 922 [5]
33 922 [0]
117 922 [2]
475 922 [1]
0 923 [1]
1 923 [2]
5 923 [6]
6 923 [7]
7 923 [7]
8 923 [4]
9 923 [0]
69 923 [3]
150 923 [5]
4 924 [6]
7 924 [4]
8 924 [4]
100 924 [7]
113 924 [1]
188 924 [0]
267 924 [5]
357 924 [2]
549 924 [4]
2 925 [3]
5 925 [6]
16 925 [2]
27 925 [7]
50 925 [5]
75 925 [0]
86 925 [0]
98 925 [0]
716 925 [4]
0 926 [1]
6 926 [7]
8 926 [4]
10 926 [5]
22 926 [3]
29 926 [0]
32 926 [0]
280 926 [6]
323 926 [5]
1 927 [2]
6 927 [0]
7 927 [7]
8 927 [4]
9 927 [0]
18 927 [3]
137 927 [5]
232 927 [1]
268 927 [0]
0 928 [1]
2 928 [3]
4 928 [6]
5 928 [7]
6 928 [0]
10 928 [5]
44 928 [4]
94 928 [0]
550 928 [2]
1 929 [2]
4 929 [6]
5 929 [7]
8 929 [4]
9 929 [5]
22 929 [0]
97 929 [0]
145 929 [1]
333 929 [6]
0 930 [1]
1 930 [1]
2 930 [3]
5 930 [6]
8 930 [4]
16 930 [0]
17 930 [0]
198 930 [2]
667 930 [4]
1 931 [2]
5 931 [6]
6 931 [7]
7 931 [7]
9 931 [0]
10 931 [5]
69 931 [3]
276 931 [4]
647 931 [2]
0 932 [1]
5 932 [6]
7 932 [7]
8 932 [4]
10 932 [5]
21 932 [3]
43 932 [4]
203 932 [0]
250 932 [7]
0 933 [1]
14 933 [0]
27 933 [2]
28 933 [2]
38 933 [7]
186 933 [3]
202 933 [5]
258 933 [6]
399 933 [6]
1 934 [2]
2 934 [3]
3 934 [6]
5 934 [7]
7 934 [5]
8 934 [5]
51 934 [4]
107 934 [0]
361 934 [1]
1 935 [2]
5 935 [6]
8 935 [4]
27 935 [7]
50 935 [5]
64 935 [0]
75 935 [0]
104 935 [5]
622 935 [5]
0 936 [1]
1 936 [2]
5 936 [6]
6 936 [7]
7 936 [7]
9 936 [0]
10 936 [5]
276 936 [4]
462 936 [0]
4 937 [2]
6 937 [6]
7 937 [6]
12 937 [5]
20 937 [1]
45 937 [7]
277 937 [4]
605 937 [0]
775 937 [4]
5 938 [6]
8 938 [4]
10 938 [5]
14 938 [7]
24 938 [1]
143 938 [1]
386 938 [0]
450 938 [3]
603 938 [2]
0 939 [1]
2 939 [3]
8 939 [4]
10 939 [5]
14 939 [0]
16 939 [0]
27 939 [6]
56 939 [7]
87 939 [7]
1 940 [2]
2 940 [3]
6 940 [0]
9 940 [5]
22 940 [0]
99 940 [7]
356 940 [6]
480 940 [1]
793 940 [6]
0 941 [1]
2 941 [3]
8 941 [4]
27 941 [7]
50 941 [5]
75 941 [3]
98 941 [0]
139 941 [2]
158 941 [5]
1 942 [2]
4 942 [6]
6 942 [0]
7 942 [7]
8 942 [4]
9 942 [0]
10 942 [5]
15 942 [1]
137 942 [5]
0 943 [1]
2 943 [3]
3 943 [6]
7 943 [5]
9 943 [5]
51 943 [4]
309 943 [2]
322 943 [2]
517 943 [4]
2 944 [3]
3 944 [6]
4 944 [6]
6 944 [0]
7 944 [4]
48 944 [2]
147 944 [7]
241 944 [7]
278 944 [4]
0 945 [1]
1 945 [2]
4 945 [6]
5 945 [6]
8 945 [4]
9 945 [0]
10 945 [5]
21 945 [3]
294 945 [1]
0 946 [1]
5 946 [6]
6 946 [7]
7 946 [7]
8 946 [4]
9 946 [0]
10 946 [5]
70 946 [4]
668 946 [3]
3 947 [6]
7 947 [4]
8 947 [5]
9 947 [5]
36 947 [1]
48 947 [2]
55 947 [0]
180 947 [7]
618 947 [2]
0 948 [1]
2 948 [3]
5 948 [6]
16 948 [2]
27 948 [7]
50 948 [5]
75 948 [3]
98 948 [0]
139 948 [2]
1 949 [2]
3 949 [6]
4 949 [0]
6 949 [4]
7 949 [4]
8 949 [5]
19 949 [3]
89 949 [1]
336 949 [2]
0 950 [1]
2 950 [3]
8 950 [4]
10 950 [5]
14 950 [0]
16 950 [0]
38 950 [2]
87 950 [7]
236 950 [7]
2 951 [3]
3 951 [6]
4 951 [0]
6 951 [0]
8 951 [5]
36 951 [1]
90 951 [7]
147 951 [7]
342 951 [6]
0 952 [1]
8 952 [4]
14 952 [0]
16 952 [0]
27 952 [6]
38 952 [2]
56 952 [7]
243 952 [3]
832 952 [5]
1 953 [2]
4 953 [1]
7 953 [1]
8 953 [4]
9 953 [7]
10 953 [0]
83 953 [3]
121 953 [5]
130 953 [5]
1 954 [2]
3 954 [6]
4 954 [0]
6 954 [4]
7 954 [4]
8 954 [5]
9 954 [5]
89 954 [1]
95 954 [7]
0 955 [1]
1 955 [2]
2 955 [3]
6 955 [7]
154 955 [6]
295 955 [5]
403 955 [4]
423 955 [0]
821 955 [4]
2 956 [3]
3 956 [6]
4 956 [0]
6 956 [0]
8 956 [5]
36 956 [1]
147 956 [7]
342 956 [4]
951 956 [1]
6 957 [6]
7 957 [1]
9 957 [4]
20 957 [0]
109 957 [2]
141 957 [5]
318 957 [5]
427 957 [7]
441 957 [3]
2 958 [3]
6 958 [0]
8 958 [4]
9 958 [5]
10 958 [5]
22 958 [0]
148 958 [7]
401 958 [6]
912 958 [6]
0 959 [1]
1 959 [2]
2 959 [3]
6 959 [0]
7 959 [7]
8 959 [4]
9 959 [0]
10 959 [5]
13 959 [0]
4 960 [6]
7 960 [4]
8 960 [4]
9 960 [5]
23 960 [2]
79 960 [3]
113 960 [1]
421 960 [0]
540 960 [2]
0 961 [1]
1 961 [2]
2 961 [3]
6 961 [7]
29 961 [0]
85 961 [6]
295 961 [5]
403 961 [4]
423 961 [0]
1 962 [2]
2 962 [3]
4 962 [2]
6 962 [6]
7 962 [1]
8 962 [4]
9 962 [7]
12 962 [5]
125 962 [5]
2 963 [3]
4 963 [6]
5 963 [6]
7 963 [7]
8 963 [4]
9 963 [0]
15 963 [1]
183 963 [0]
499 963 [3]
1 964 [2]
2 964 [3]
5 964 [7]
6 964 [0]
8 964 [4]
9 964 [5]
122 964 [0]
206 964 [0]
405 964 [6]
0 965 [1]
2 965 [3]
5 965 [6]
14 965 [0]
16 965 [2]
27 965 [7]
28 965 [2]
38 965 [7]
133 965 [5]
2 966 [3]
5 966 [7]
6 966 [0]
7 966 [4]
8 966 [5]
11 966 [2]
36 966 [1]
255 966 [6]
363 966 [5]
1 967 [2]
4 967 [1]
6 967 [6]
9 967 [7]
10 967 [0]
12 967 [5]
83 967 [3]
616 967 [4]
740 967 [4]
1 968 [2]
4 968 [6]
6 968 [0]
7 968 [7]
8 968 [4]
9 968 [7]
10 968 [5]
15 968 [1]
18 968 [3]
1 969 [2]
2 969 [3]
6 969 [6]
7 969 [1]
10 969 [0]
12 969 [5]
20 969 [7]
284 969 [6]
530 969 [6]
1 970 [2]
4 970 [6]
6 970 [0]
7 970 [7]
18 970 [3]
137 970 [5]
232 970 [1]
558 970 [0]
889 970 [0]
2 971 [3]
8 971 [4]
14 971 [0]
16 971 [2]
27 971 [2]
28 971 [2]
38 971 [7]
56 971 [7]
589 971 [3]
2 972 [3]
4 972 [2]
6 972 [6]
7 972 [6]
12 972 [5]
20 972 [1]
45 972 [0]
277 972 [4]
605 972 [0]
2 973 [3]
4 973 [6]
5 973 [7]
7 973 [4]
8 973 [4]
10 973 [5]
25 973 [2]
34 973 [0]
149 973 [0]
2 974 [3]
8 974 [4]
10 974 [5]
14 974 [0]
16 974 [0]
38 974 [6]
56 974 [2]
129 974 [7]
131 974 [7]
2 975 [3]
6 975 [6]
7 975 [1]
9 975 [4]
10 975 [0]
20 975 [7]
109 975 [2]
141 975 [5]
233 975 [7]
0 976 [1]
13 976 [0]
16 976 [7]
27 976 [7]
50 976 [5]
64 976 [0]
167 976 [4]
313 976 [3]
467 976 [5]
0 977 [1]
2 977 [3]
10 977 [5]
14 977 [0]
16 977 [0]
27 977 [1]
38 977 [2]
87 977 [7]
236 977 [6]
1 978 [2]
5 978 [6]
8 978 [4]
16 978 [2]
27 978 [7]
75 978 [0]
86 978 [0]
325 978 [3]
546 978 [5]
1 979 [1]
2 979 [3]
5 979 [6]
8 979 [4]
16 979 [5]
27 979 [7]
35 979 [0]
82 979 [2]
377 979 [6]
0 980 [1]
2 980 [3]
8 980 [4]
10 980 [5]
14 980 [0]
38 980 [2]
56 980 [2]
87 980 [7]
129 980 [7]
0 981 [1]
2 981 [3]
5 981 [6]
8 981 [4]
9 981 [4]
14 981 [3]
16 981 [0]
17 981 [2]
561 981 [6]
1 982 [2]
4 982 [6]
5 982 [6]
6 982 [7]
8 982 [4]
294 982 [1]
359 982 [0]
367 982 [5]
738 982 [3]
1 983 [2]
2 983 [3]
5 983 [6]
7 983 [7]
8 983 [4]
9 983 [0]
15 983 [1]
183 983 [1]
292 983 [0]
2 984 [3]
4 984 [6]
5 984 [7]
7 984 [4]
8 984 [4]
25 984 [2]
105 984 [1]
149 984 [0]
826 984 [1]
0 985 [1]
5 985 [6]
7 985 [7]
10 985 [5]
21 985 [3]
43 985 [4]
230 985 [0]
385 985 [2]
397 985 [3]
2 986 [3]
5 986 [6]
10 986 [5]
16 986 [0]
27 986 [7]
28 986 [0]
35 986 [2]
53 986 [2]
479 986 [6]
2 987 [3]
4 987 [6]
5 987 [7]
7 987 [4]
10 987 [5]
25 987 [2]
105 987 [1]
149 987 [0]
826 987 [1]
4 988 [6]
7 988 [4]
8 988 [4]
9 988 [5]
11 988 [2]
80 988 [1]
100 988 [7]
190 988 [3]
735 988 [0]
2 989 [3]
7 989 [1]
10 989 [0]
20 989 [0]
109 989 [2]
141 989 [5]
233 989 [7]
469 989 [6]
809 989 [3]
4 990 [6]
5 990 [7]
6 990 [7]
10 990 [5]
22 990 [0]
39 990 [3]
112 990 [2]
181 990 [1]
330 990 [4]
0 991 [1]
1 991 [2]
5 991 [7]
6 991 [0]
8 991 [4]
10 991 [5]
22 991 [0]
39 991 [3]
729 991 [7]
3 992 [6]
5 992 [7]
7 992 [5]
8 992 [5]
33 992 [0]
51 992 [4]
117 992 [2]
341 992 [1]
410 992 [0]
0 993 [1]
8 993 [4]
14 993 [0]
28 993 [2]
38 993 [7]
56 993 [7]
186 993 [3]
202 993 [6]
258 993 [6]
0 994 [1]
4 994 [6]
9 994 [5]
10 994 [5]
25 994 [2]
34 994 [0]
238 994 [3]
393 994 [2]
743 994 [2]
1 995 [2]
5 995 [6]
6 995 [6]
7 995 [1]
8 995 [4]
9 995 [7]
12 995 [5]
83 995 [3]
649 995 [3]
5 996 [7]
10 996 [5]
22 996 [0]
39 996 [3]
112 996 [2]
181 996 [4]
222 996 [6]
247 996 [4]
686 996 [7]
2 997 [3]
4 997 [2]
5 997 [6]
6 997 [6]
7 997 [1]
8 997 [4]
12 997 [7]
31 997 [0]
552 997 [0]
0 998 [1]
8 998 [4]
14 998 [0]
27 998 [2]
28 998 [2]
56 998 [7]
186 998 [5]
202 998 [6]
542 998 [5]
4 999 [6]
5 999 [7]
8 999 [4]
9 999 [5]
22 999 [0]
39 999 [1]
97 999 [1]
145 999 [3]
516 999 [5]
