# cathegory: solved
# problem: no problem
# numcrossings:510
150
3
0
1
41
43
29
32
35
6
24
25
20
34
80
76
42
63
68
61
58
53
92
96
107
127
133
137
113
128
86
77
79
78
74
102
114
134
144
30
45
101
119
121
129
126
146
33
10
62
83
89
56
131
38
72
49
136
147
139
130
22
26
13
47
97
65
115
118
132
135
143
84
117
50
40
69
3
109
103
71
64
46
8
52
104
124
60
15
23
85
90
105
28
67
116
31
18
122
112
148
142
87
51
108
141
111
100
82
19
48
75
73
106
59
4
81
57
44
12
27
66
14
140
99
55
54
16
125
9
145
93
91
70
94
95
98
21
110
17
7
36
39
138
37
11
149
5
2
120
123
88
49 136 [1]
80 135 [1]
7 17 [2]
24 67 [1]
127 137 [0]
2 92 [2]
19 82 [1]
34 80 [0]
53 92 [1]
70 110 [2]
0 120 [1]
28 90 [1]
12 44 [2]
119 121 [0]
83 136 [0]
44 134 [2]
21 98 [0]
77 113 [1]
70 98 [2]
52 118 [2]
42 76 [2]
58 99 [0]
99 140 [0]
24 85 [1]
18 116 [1]
27 129 [0]
68 126 [1]
9 68 [0]
5 94 [0]
73 79 [2]
30 58 [1]
22 147 [1]
43 90 [1]
49 72 [2]
40 50 [1]
111 134 [2]
2 58 [2]
39 133 [2]
90 116 [2]
57 111 [1]
104 139 [2]
41 123 [2]
10 89 [2]
11 138 [0]
10 131 [2]
58 148 [0]
142 148 [2]
37 70 [1]
20 80 [2]
72 83 [0]
109 132 [2]
4 134 [2]
58 134 [1]
32 35 [2]
7 137 [2]
19 111 [1]
58 140 [0]
21 95 [0]
27 148 [1]
68 129 [1]
57 134 [2]
26 136 [1]
6 35 [0]
76 80 [0]
85 105 [0]
63 93 [0]
30 140 [0]
30 121 [1]
24 32 [2]
66 121 [0]
97 136 [1]
65 136 [1]
0 28 [1]
65 147 [2]
6 66 [1]
121 129 [0]
30 144 [2]
112 129 [0]
119 134 [2]
79 138 [2]
30 119 [0]
36 39 [0]
22 65 [2]
20 50 [1]
63 140 [0]
85 116 [0]
12 119 [0]
13 22 [0]
20 24 [2]
9 54 [2]
84 143 [1]
63 135 [1]
16 63 [0]
68 146 [1]
126 129 [2]
103 115 [0]
20 42 [2]
24 25 [1]
28 43 [1]
58 102 [1]
13 47 [0]
28 136 [2]
1 123 [2]
29 67 [1]
19 100 [2]
16 68 [0]
27 141 [1]
31 85 [0]
33 129 [0]
48 134 [2]
10 33 [0]
133 149 [2]
11 94 [0]
67 116 [1]
104 115 [2]
40 115 [0]
58 127 [1]
34 135 [1]
47 97 [1]
60 124 [0]
50 135 [2]
106 134 [2]
73 106 [0]
28 105 [0]
35 66 [1]
101 134 [2]
139 147 [0]
15 104 [2]
23 147 [2]
14 140 [1]
29 32 [0]
31 90 [2]
16 54 [1]
62 129 [0]
61 112 [0]
0 1 [1]
133 137 [1]
63 68 [2]
72 97 [1]
58 79 [1]
90 105 [1]
136 147 [1]
20 25 [0]
24 147 [1]
126 146 [0]
24 115 [1]
68 112 [0]
79 142 [2]
92 148 [0]
77 79 [0]
8 52 [0]
88 123 [2]
69 135 [2]
67 90 [2]
113 137 [0]
27 122 [1]
71 109 [1]
83 97 [0]
39 94 [1]
83 130 [0]
130 147 [0]
40 69 [1]
71 118 [2]
56 89 [2]
54 99 [2]
101 119 [1]
45 101 [1]
29 43 [0]
8 115 [2]
69 132 [2]
104 132 [0]
59 106 [0]
17 133 [2]
51 141 [1]
0 29 [0]
32 120 [0]
74 114 [0]
92 96 [0]
7 133 [2]
75 81 [1]
50 117 [0]
99 145 [1]
83 132 [0]
69 118 [2]
64 71 [1]
10 62 [2]
94 138 [1]
83 131 [0]
83 124 [0]
85 147 [2]
29 90 [1]
34 84 [1]
111 129 [2]
6 30 [1]
29 41 [2]
13 97 [2]
30 101 [1]
135 143 [2]
89 131 [2]
68 83 [1]
9 61 [0]
56 83 [0]
91 138 [1]
15 124 [2]
70 95 [2]
92 137 [0]
86 148 [0]
13 83 [0]
38 83 [0]
0 41 [0]
72 136 [2]
74 79 [0]
13 26 [2]
41 43 [1]
77 86 [0]
5 70 [0]
17 36 [1]
81 134 [2]
27 142 [1]
7 77 [2]
75 141 [0]
4 73 [1]
28 32 [1]
45 134 [2]
58 138 [2]
37 138 [0]
21 70 [2]
70 77 [2]
63 132 [1]
20 76 [2]
6 32 [0]
86 113 [0]
77 91 [2]
58 92 [1]
42 80 [0]
25 30 [1]
83 139 [0]
1 41 [0]
49 83 [0]
11 37 [2]
19 81 [1]
7 113 [2]
134 144 [1]
47 83 [0]
10 68 [1]
3 69 [0]
34 143 [1]
83 89 [0]
25 63 [0]
37 91 [1]
59 134 [2]
64 109 [1]
79 114 [0]
19 75 [1]
17 77 [2]
57 129 [0]
19 134 [2]
24 139 [1]
23 139 [2]
30 93 [2]
100 134 [2]
103 109 [2]
33 62 [0]
60 104 [1]
82 100 [1]
132 135 [0]
71 132 [2]
4 81 [1]
78 79 [2]
57 121 [0]
87 141 [1]
51 87 [0]
86 128 [1]
85 90 [1]
28 147 [2]
58 144 [1]
54 63 [0]
63 99 [0]
38 68 [1]
115 139 [2]
122 148 [1]
58 107 [1]
18 67 [1]
70 94 [0]
95 98 [2]
24 29 [2]
104 124 [2]
28 41 [1]
77 148 [0]
17 39 [0]
79 106 [2]
20 117 [1]
56 131 [2]
63 125 [0]
44 57 [2]
2 107 [2]
39 58 [2]
29 120 [2]
32 136 [1]
94 95 [0]
20 34 [1]
0 32 [0]
58 61 [1]
46 103 [0]
20 84 [1]
32 121 [1]
61 99 [0]
84 117 [0]
75 111 [0]
14 63 [0]
115 118 [0]
10 83 [1]
64 103 [0]
8 103 [0]
30 45 [0]
1 88 [2]
83 104 [0]
18 85 [0]
59 79 [2]
113 128 [2]
87 142 [0]
24 50 [1]
52 115 [2]
58 112 [0]
11 70 [1]
58 78 [1]
114 134 [1]
127 133 [1]
17 70 [2]
108 141 [2]
2 53 [2]
100 111 [0]
77 128 [2]
79 141 [2]
39 149 [0]
73 141 [0]
26 97 [1]
30 63 [1]
82 111 [1]
8 118 [2]
46 109 [1]
54 55 [0]
62 136 [2]
74 102 [0]
30 134 [2]
19 48 [1]
4 75 [1]
27 87 [1]
68 131 [1]
74 78 [1]
15 83 [0]
28 85 [0]
102 114 [2]
32 129 [1]
25 42 [0]
22 130 [2]
32 66 [1]
79 91 [2]
22 26 [0]
12 121 [0]
31 116 [0]
26 65 [2]
67 85 [0]
112 148 [2]
63 80 [1]
103 118 [2]
3 40 [1]
9 99 [2]
23 24 [1]
33 146 [0]
13 130 [0]
92 107 [1]
62 83 [0]
3 115 [0]
54 145 [1]
96 137 [0]
51 108 [0]
39 127 [2]
58 74 [1]
17 149 [0]
53 58 [2]
10 146 [1]
16 125 [1]
63 83 [1]
92 113 [0]
55 63 [0]
54 68 [0]
68 125 [0]
115 132 [1]
71 103 [0]
15 60 [0]
111 141 [1]
73 75 [0]
61 68 [0]
21 110 [1]
122 129 [0]
103 132 [2]
50 69 [2]
5 95 [0]
112 122 [0]
129 136 [2]
12 134 [2]
42 63 [2]
6 24 [1]
48 100 [0]
50 143 [2]
55 145 [1]
33 126 [2]
129 141 [2]
0 123 [1]
107 127 [0]
17 95 [0]
69 115 [0]
46 132 [2]
102 134 [2]
44 121 [0]
25 93 [0]
0 88 [1]
96 127 [0]
36 94 [1]
86 92 [0]
29 123 [2]
96 107 [0]
50 115 [0]
118 132 [0]
38 131 [2]
73 134 [2]
24 30 [1]
14 30 [0]
95 110 [1]
79 148 [0]
70 91 [0]
30 66 [0]
39 138 [2]
50 84 [0]
130 139 [1]
15 132 [0]
55 99 [0]
79 134 [0]
51 79 [2]
51 142 [0]
17 110 [1]
79 108 [2]
17 94 [1]
