# cathegory: solved
# problem: no problem
# numcrossings:25
16
2
0
4
5
10
14
15
11
8
12
7
9
6
3
2
13
1
8 11 [0]
5 12 [1]
0 4 [0]
1 9 [1]
7 11 [1]
2 3 [0]
7 13 [1]
6 13 [1]
2 9 [1]
2 6 [1]
3 6 [0]
3 7 [0]
0 8 [1]
8 14 [1]
5 10 [0]
9 15 [1]
1 15 [1]
1 11 [1]
0 12 [0]
4 12 [0]
4 13 [0]
5 14 [1]
10 14 [0]
10 15 [0]
4 9 [0]
6 9 [0]
4 7 [0]
8 15 [0]
9 13 [1]
11 15 [0]
14 15 [0]
4 15 [0]
1 7 [1]
12 14 [0]
8 12 [0]
3 13 [0]
5 15 [1]
4 5 [0]
7 9 [0]
