# cathegory: solved
# problem: no problem
# numcrossings:274792
800
10
0
1
3
2
4
8
19
23
22
17
18
12
15
31
20
5
10
16
13
11
28
32
39
44
41
40
52
47
58
60
63
49
84
89
90
66
64
50
61
56
55
54
98
95
81
103
79
34
9
25
26
38
30
36
45
133
163
166
165
169
159
178
196
183
174
181
162
120
99
102
126
117
134
130
146
122
124
149
107
108
77
73
72
71
86
43
131
155
164
193
245
228
231
249
273
221
182
177
190
197
216
223
208
239
180
243
252
234
233
227
248
269
307
298
286
287
294
290
293
296
313
325
260
251
235
232
226
189
125
97
91
109
151
147
153
111
74
68
53
33
7
14
83
75
76
69
115
116
62
35
137
96
46
85
51
93
78
27
6
70
128
127
152
123
118
132
141
140
156
106
94
138
142
57
37
100
224
250
229
187
188
172
167
202
195
198
191
210
199
200
217
247
272
254
244
274
282
268
288
393
302
315
299
312
335
332
321
400
399
402
395
394
351
341
364
380
383
492
511
447
468
440
406
404
368
415
433
423
410
414
428
458
451
449
348
359
311
305
92
104
87
88
67
145
112
144
214
176
154
170
320
336
285
262
242
246
201
173
179
148
59
114
42
129
158
432
401
387
417
397
413
370
279
291
300
319
264
222
218
237
212
261
257
304
280
284
295
175
220
258
186
143
139
119
184
238
225
209
121
110
203
80
24
105
21
171
283
342
318
353
438
443
466
480
463
522
510
501
513
539
477
523
524
547
508
598
584
545
533
608
647
740
731
613
618
599
596
572
564
554
528
471
478
482
464
541
494
444
344
327
240
422
556
580
578
570
591
506
553
648
715
674
658
602
376
381
391
435
424
446
326
192
168
194
213
301
396
340
317
314
418
411
375
358
297
357
388
316
322
323
334
343
219
377
329
292
255
430
469
490
498
488
390
405
441
354
425
515
525
493
472
450
526
532
550
499
512
439
521
500
445
412
496
519
552
667
678
743
747
732
716
713
735
733
717
702
718
624
741
567
560
721
727
761
752
722
655
670
694
760
710
780
623
600
603
681
688
714
620
639
686
595
587
561
597
615
590
549
673
692
691
684
622
625
614
610
557
617
628
706
775
416
431
426
407
324
350
303
241
270
265
263
467
536
517
555
486
452
542
537
583
592
563
640
503
535
514
474
409
434
436
328
337
389
421
352
355
378
333
456
454
392
384
386
462
473
568
509
497
475
507
543
665
676
604
607
527
730
776
664
671
651
652
635
593
626
632
765
729
645
675
601
559
558
594
609
663
612
551
644
784
448
529
546
562
369
349
206
271
113
362
160
259
310
185
281
275
656
742
753
769
738
782
771
785
728
505
534
483
331
385
403
266
453
345
207
661
230
236
339
455
581
589
573
739
796
442
571
643
697
788
150
161
366
205
374
373
611
365
398
101
520
649
619
437
481
565
576
585
677
751
712
605
461
419
531
566
548
653
586
427
408
577
574
787
755
711
720
682
630
637
719
758
672
685
757
705
708
683
633
502
530
338
277
750
256
211
65
82
695
204
157
308
420
772
777
724
579
763
766
744
429
748
749
774
736
799
278
544
638
783
798
764
797
795
689
707
745
276
330
792
789
363
650
680
703
773
790
495
459
654
734
767
756
540
484
306
382
476
666
135
491
660
518
516
616
723
709
793
646
662
669
641
379
372
356
794
668
781
786
791
538
289
29
470
361
659
698
588
690
699
48
621
657
489
606
687
485
634
737
347
215
726
371
759
465
457
631
627
679
754
504
460
642
479
367
360
253
267
701
778
575
487
696
770
136
700
309
569
582
768
704
746
762
629
779
636
725
346
693
0 285 [1]
1 561 [2]
2 318 [2]
3 15 [1]
2 157 [3]
1 11 [1]
4 284 [2]
5 480 [3]
6 372 [4]
7 204 [5]
8 500 [3]
9 647 [6]
10 645 [6]
11 621 [4]
12 506 [3]
13 687 [4]
14 703 [7]
2 723 [3]
2 678 [2]
1 493 [8]
15 442 [6]
16 600 [6]
17 184 [8]
10 177 [2]
18 721 [9]
19 32 [5]
16 270 [6]
20 349 [6]
5 73 [3]
12 784 [9]
21 689 [1]
22 495 [6]
1 80 [8]
23 351 [2]
2 711 [3]
8 143 [8]
24 97 [3]
17 131 [7]
25 729 [9]
20 794 [7]
26 272 [1]
27 214 [3]
28 222 [8]
16 798 [5]
29 216 [4]
30 297 [9]
31 147 [2]
3 32 [5]
33 161 [7]
1 3 [0]
1 191 [1]
4 541 [8]
34 665 [5]
35 503 [5]
36 463 [6]
37 100 [0]
38 436 [9]
33 431 [7]
20 467 [6]
16 146 [2]
10 320 [8]
39 67 [8]
40 452 [4]
0 4 [4]
4 121 [2]
1 225 [8]
15 41 [9]
42 625 [4]
43 186 [6]
44 695 [5]
45 589 [5]
4 8 [0]
41 558 [9]
34 724 [5]
22 46 [2]
47 364 [8]
34 692 [6]
48 512 [8]
49 697 [5]
50 173 [4]
26 656 [7]
51 171 [5]
52 256 [7]
53 135 [7]
41 194 [6]
12 581 [9]
54 233 [8]
3 99 [1]
22 587 [3]
55 86 [4]
56 61 [0]
57 165 [9]
33 421 [7]
58 657 [5]
18 59 [8]
60 226 [8]
61 793 [7]
56 62 [8]
63 108 [3]
64 126 [2]
65 247 [4]
66 388 [9]
34 67 [1]
22 371 [4]
68 602 [9]
33 111 [1]
69 370 [3]
2 70 [2]
71 245 [1]
72 393 [6]
35 174 [9]
73 437 [7]
74 305 [6]
32 740 [6]
75 433 [7]
76 178 [5]
26 330 [7]
77 445 [5]
78 465 [1]
79 295 [3]
25 80 [6]
71 629 [1]
10 398 [6]
81 542 [9]
17 82 [6]
83 367 [1]
84 397 [4]
61 183 [2]
60 85 [8]
26 125 [8]
43 86 [0]
72 520 [7]
87 578 [7]
88 192 [9]
9 249 [8]
30 168 [9]
33 502 [7]
89 132 [8]
90 392 [9]
31 91 [2]
22 92 [2]
93 279 [5]
94 346 [2]
40 95 [1]
14 53 [2]
96 386 [5]
97 234 [1]
54 98 [0]
99 212 [6]
100 224 [0]
16 332 [8]
44 568 [4]
101 413 [1]
20 102 [2]
103 577 [5]
97 745 [4]
20 104 [8]
105 772 [1]
70 241 [7]
8 417 [8]
106 668 [1]
107 296 [9]
108 595 [5]
109 242 [6]
55 110 [3]
107 274 [9]
4 18 [1]
111 505 [7]
112 306 [1]
113 458 [7]
43 631 [1]
114 638 [1]
115 137 [1]
64 116 [8]
114 781 [1]
117 441 [9]
118 464 [5]
102 252 [8]
119 640 [4]
120 654 [7]
98 114 [3]
7 39 [8]
121 726 [8]
78 122 [9]
123 152 [0]
124 481 [7]
58 474 [9]
125 375 [5]
126 650 [7]
10 127 [8]
13 128 [8]
129 403 [1]
130 259 [5]
39 334 [6]
131 670 [5]
12 132 [2]
30 731 [9]
130 134 [0]
63 133 [2]
94 427 [4]
43 790 [4]
26 783 [5]
134 610 [5]
135 383 [1]
112 292 [7]
27 93 [2]
136 700 [0]
35 137 [0]
66 90 [0]
138 658 [7]
139 566 [4]
87 104 [0]
140 461 [4]
141 510 [5]
12 434 [3]
15 341 [8]
91 142 [6]
143 155 [6]
144 592 [7]
112 145 [0]
146 401 [6]
147 202 [6]
148 425 [7]
29 149 [4]
35 97 [4]
150 674 [1]
3 379 [3]
151 205 [7]
57 152 [3]
33 150 [7]
94 153 [6]
154 170 [0]
139 155 [3]
156 540 [4]
87 157 [2]
158 580 [7]
53 649 [7]
159 767 [7]
51 144 [3]
0 160 [9]
161 639 [8]
89 293 [8]
162 338 [7]
163 758 [5]
164 752 [5]
165 756 [7]
166 182 [8]
124 167 [9]
28 168 [6]
30 169 [1]
170 217 [5]
33 531 [7]
171 428 [9]
172 591 [9]
4 173 [2]
174 385 [5]
175 220 [0]
176 197 [6]
2 4 [0]
8 139 [8]
177 340 [5]
178 435 [9]
2 145 [2]
47 179 [3]
82 352 [2]
3 530 [9]
144 660 [1]
123 553 [5]
180 613 [3]
144 519 [7]
26 181 [1]
158 182 [6]
26 183 [1]
110 184 [1]
97 115 [4]
66 185 [9]
27 303 [7]
87 190 [6]
1 25 [1]
186 440 [9]
187 188 [0]
188 698 [1]
189 290 [1]
2 190 [1]
191 573 [4]
59 536 [4]
192 374 [8]
193 309 [1]
148 179 [0]
133 746 [7]
103 759 [5]
194 679 [8]
84 195 [8]
2 373 [3]
196 221 [8]
33 525 [7]
16 197 [2]
69 198 [3]
9 199 [3]
18 200 [2]
164 782 [5]
201 632 [4]
195 202 [0]
1 203 [8]
88 113 [4]
204 562 [2]
54 90 [1]
71 205 [7]
101 206 [2]
193 533 [6]
55 206 [9]
54 185 [9]
42 207 [1]
20 317 [3]
208 775 [5]
10 209 [3]
115 622 [7]
15 109 [2]
191 210 [0]
211 634 [9]
97 231 [7]
1 212 [8]
27 213 [5]
27 78 [0]
214 501 [9]
2 215 [6]
216 319 [6]
120 201 [6]
26 420 [5]
217 394 [2]
218 523 [7]
219 733 [1]
220 361 [2]
127 221 [4]
1 150 [9]
222 316 [4]
223 511 [6]
118 224 [9]
123 225 [5]
226 682 [7]
10 227 [2]
46 171 [5]
228 288 [3]
229 653 [4]
230 438 [1]
66 231 [4]
232 450 [5]
233 376 [5]
228 234 [9]
189 360 [1]
90 185 [9]
41 601 [9]
232 235 [0]
51 236 [7]
2 237 [8]
189 328 [5]
148 240 [7]
210 258 [5]
131 238 [6]
20 382 [6]
133 535 [9]
19 633 [9]
239 443 [3]
222 673 [4]
240 754 [8]
241 743 [9]
242 507 [4]
7 243 [3]
244 254 [0]
12 20 [3]
245 572 [3]
201 246 [0]
77 247 [9]
26 248 [8]
167 172 [0]
249 477 [6]
250 491 [1]
251 776 [5]
133 395 [9]
252 339 [7]
2 253 [6]
196 254 [9]
255 404 [7]
83 164 [9]
34 448 [9]
33 133 [8]
211 256 [0]
48 699 [0]
174 203 [6]
118 663 [7]
10 257 [8]
258 497 [1]
160 259 [0]
10 260 [2]
208 552 [5]
257 261 [0]
2 109 [2]
18 30 [7]
86 206 [5]
262 314 [7]
28 150 [9]
263 728 [8]
141 264 [5]
265 484 [2]
266 627 [8]
3 267 [3]
75 268 [6]
11 598 [3]
53 68 [0]
114 229 [5]
269 409 [5]
72 270 [5]
271 344 [1]
272 583 [4]
129 176 [9]
169 273 [8]
274 686 [7]
275 661 [2]
197 422 [3]
276 688 [8]
218 277 [1]
12 778 [4]
196 522 [6]
94 262 [5]
122 278 [7]
53 279 [3]
280 381 [4]
70 275 [7]
267 644 [2]
30 273 [4]
2 121 [8]
156 281 [7]
157 190 [4]
282 785 [4]
44 138 [8]
283 342 [0]
191 468 [7]
240 327 [0]
284 730 [1]
621 630 [8]
37 285 [5]
185 286 [7]
287 671 [5]
162 288 [9]
24 289 [2]
116 290 [4]
168 210 [9]
164 291 [6]
24 73 [6]
253 292 [8]
293 727 [5]
199 294 [6]
4 140 [2]
295 476 [1]
32 296 [2]
200 297 [7]
298 518 [4]
131 299 [3]
291 300 [0]
233 414 [6]
301 396 [0]
81 508 [6]
90 302 [8]
96 303 [7]
111 193 [9]
304 378 [4]
30 210 [9]
164 504 [1]
3 305 [2]
56 390 [6]
127 539 [5]
28 306 [4]
307 472 [5]
139 308 [2]
309 787 [9]
74 310 [7]
33 537 [7]
219 311 [7]
166 312 [9]
101 313 [7]
314 575 [8]
103 315 [8]
70 316 [5]
317 416 [1]
318 399 [9]
79 276 [5]
319 594 [1]
2 87 [2]
32 269 [2]
320 336 [0]
194 389 [1]
76 205 [7]
41 321 [8]
322 323 [0]
323 768 [8]
9 324 [9]
23 325 [2]
130 326 [6]
327 449 [9]
229 549 [7]
183 328 [5]
73 402 [3]
1 210 [2]
229 329 [7]
330 574 [6]
1 331 [9]
332 357 [9]
9 333 [9]
34 334 [6]
114 335 [5]
236 336 [4]
337 707 [3]
120 369 [5]
338 426 [8]
35 89 [8]
7 339 [7]
4 340 [3]
237 341 [9]
342 486 [2]
269 343 [5]
344 444 [0]
187 345 [4]
58 346 [5]
347 717 [8]
163 780 [9]
180 239 [0]
348 412 [7]
79 349 [9]
172 350 [7]
209 786 [2]
20 351 [8]
299 352 [4]
353 487 [8]
354 725 [2]
220 606 [2]
355 642 [3]
304 356 [1]
23 357 [3]
71 358 [3]
111 305 [6]
74 154 [3]
267 359 [2]
56 360 [5]
130 361 [4]
251 362 [7]
363 547 [2]
85 460 [1]
364 447 [2]
365 666 [8]
113 366 [2]
367 648 [8]
123 407 [7]
368 415 [0]
347 454 [3]
128 603 [7]
275 773 [6]
35 559 [7]
115 281 [7]
12 286 [2]
35 369 [7]
5 370 [8]
163 170 [3]
371 718 [8]
372 430 [8]
373 410 [4]
374 691 [8]
375 667 [4]
376 672 [2]
16 377 [6]
355 378 [0]
141 379 [1]
271 380 [4]
2 713 [3]
73 419 [7]
362 381 [1]
239 382 [4]
4 789 [6]
383 636 [2]
307 384 [5]
331 385 [0]
386 677 [3]
129 387 [1]
115 388 [5]
15 389 [6]
390 405 [0]
2 391 [3]
106 172 [8]
229 392 [7]
393 646 [1]
203 331 [1]
71 142 [9]
1 359 [2]
133 394 [9]
104 624 [7]
163 395 [9]
276 396 [2]
397 457 [2]
43 398 [7]
104 399 [5]
321 400 [0]
365 611 [0]
387 401 [0]
329 402 [7]
120 403 [5]
365 404 [4]
405 771 [6]
144 406 [3]
31 358 [3]
1 407 [3]
1 408 [9]
76 409 [7]
410 423 [0]
411 490 [2]
412 516 [8]
90 329 [6]
278 544 [0]
231 388 [5]
299 791 [1]
92 413 [9]
263 414 [4]
415 527 [4]
416 534 [8]
248 417 [6]
235 418 [5]
27 386 [7]
197 750 [7]
90 419 [9]
308 420 [0]
145 421 [4]
146 422 [6]
18 423 [8]
356 424 [2]
12 425 [3]
277 426 [2]
427 528 [1]
16 172 [8]
300 428 [9]
359 429 [1]
363 430 [8]
431 659 [3]
181 616 [7]
54 432 [3]
400 433 [6]
434 513 [1]
258 408 [1]
88 459 [1]
151 435 [5]
8 436 [3]
302 437 [4]
201 369 [4]
353 438 [0]
439 569 [8]
127 196 [9]
440 582 [2]
354 441 [0]
442 796 [0]
443 489 [2]
105 375 [4]
401 422 [7]
441 498 [1]
273 444 [3]
149 445 [9]
227 446 [5]
39 447 [8]
179 448 [4]
449 609 [4]
76 450 [5]
148 448 [4]
15 237 [8]
1 451 [2]
22 452 [6]
114 402 [5]
345 453 [0]
168 191 [9]
373 795 [8]
454 747 [1]
107 195 [9]
256 719 [3]
126 411 [6]
95 159 [4]
35 455 [7]
264 456 [4]
16 209 [3]
358 457 [8]
3 458 [2]
3 459 [6]
460 651 [3]
461 652 [3]
454 456 [0]
66 462 [9]
183 470 [7]
45 463 [6]
21 464 [4]
93 465 [1]
266 466 [1]
3 193 [1]
467 567 [1]
468 492 [1]
469 769 [1]
189 470 [1]
471 736 [2]
472 554 [4]
473 619 [2]
222 292 [4]
474 696 [3]
33 475 [7]
106 476 [4]
57 477 [5]
1 468 [2]
215 478 [8]
6 479 [1]
225 407 [4]
4 436 [3]
181 620 [9]
466 480 [0]
481 604 [3]
141 150 [4]
312 371 [1]
15 194 [3]
482 779 [8]
483 708 [6]
2 706 [3]
263 484 [2]
22 485 [7]
486 704 [3]
250 487 [1]
71 488 [5]
27 465 [1]
2 685 [9]
489 585 [9]
490 716 [1]
324 407 [0]
269 548 [7]
14 491 [4]
11 492 [8]
114 761 [4]
124 172 [9]
12 179 [8]
324 493 [6]
105 494 [7]
495 635 [6]
223 496 [5]
103 497 [9]
74 111 [0]
38 461 [5]
488 498 [0]
141 499 [7]
2 399 [2]
500 693 [3]
501 714 [4]
90 231 [2]
20 749 [6]
193 502 [7]
246 503 [4]
504 529 [3]
133 163 [0]
2 526 [3]
282 464 [9]
105 495 [2]
505 615 [8]
198 506 [5]
391 507 [1]
508 617 [2]
478 509 [1]
34 447 [3]
1 510 [8]
139 411 [4]
446 511 [9]
263 265 [0]
49 512 [6]
281 513 [1]
28 514 [6]
278 515 [2]
516 655 [8]
11 28 [0]
287 517 [5]
35 518 [4]
97 388 [5]
496 519 [0]
88 366 [1]
20 325 [2]
520 720 [8]
16 556 [3]
377 521 [9]
244 522 [5]
139 143 [0]
1 523 [8]
524 755 [1]
456 525 [1]
344 526 [2]
434 455 [8]
527 607 [0]
471 528 [0]
485 529 [3]
111 530 [4]
141 531 [4]
255 532 [9]
1 141 [2]
141 533 [5]
180 534 [7]
473 535 [8]
4 536 [3]
471 482 [2]
141 537 [7]
423 538 [1]
128 209 [5]
539 608 [4]
462 540 [3]
359 451 [1]
169 271 [5]
286 540 [4]
494 541 [0]
1 379 [6]
87 467 [4]
75 542 [7]
244 543 [4]
27 544 [4]
63 356 [5]
298 545 [3]
179 546 [4]
230 547 [1]
244 371 [1]
19 548 [9]
348 549 [7]
478 737 [8]
501 544 [2]
499 550 [0]
551 612 [0]
258 552 [4]
294 553 [5]
163 554 [6]
280 555 [4]
422 556 [0]
163 217 [9]
4 500 [3]
2 557 [3]
109 558 [7]
213 386 [1]
201 559 [4]
2 558 [6]
175 560 [4]
43 623 [5]
3 597 [3]
16 251 [2]
94 471 [5]
18 664 [6]
142 561 [7]
38 417 [6]
546 562 [0]
524 563 [1]
85 564 [5]
46 565 [4]
31 71 [1]
73 641 [4]
85 566 [4]
7 567 [5]
10 568 [6]
53 96 [2]
52 569 [5]
570 626 [1]
39 243 [2]
167 571 [4]
337 572 [2]
20 23 [5]
253 694 [8]
281 434 [8]
28 573 [9]
65 574 [6]
482 575 [8]
268 576 [4]
408 577 [0]
35 520 [4]
578 662 [8]
2 579 [6]
62 770 [1]
307 554 [3]
207 580 [1]
455 581 [0]
313 582 [1]
222 306 [1]
189 583 [5]
545 584 [0]
12 585 [9]
292 586 [2]
172 521 [7]
587 701 [3]
418 588 [8]
78 547 [5]
213 589 [2]
42 495 [1]
521 590 [6]
48 591 [8]
195 358 [7]
543 592 [8]
312 593 [4]
594 637 [2]
1 258 [8]
424 595 [2]
366 741 [8]
154 596 [7]
366 597 [8]
514 598 [1]
596 599 [0]
18 373 [9]
128 600 [7]
601 675 [0]
96 602 [5]
172 603 [7]
604 762 [3]
76 605 [4]
18 606 [7]
607 777 [3]
244 608 [9]
212 429 [1]
12 609 [9]
37 610 [7]
150 611 [5]
311 612 [4]
325 613 [3]
4 614 [3]
570 615 [4]
126 490 [6]
172 600 [7]
616 738 [3]
576 617 [2]
599 618 [0]
303 386 [8]
12 443 [3]
197 503 [5]
268 619 [4]
106 295 [5]
460 620 [8]
150 621 [9]
622 684 [0]
131 623 [5]
2 624 [3]
614 625 [0]
310 626 [8]
289 627 [6]
152 203 [5]
41 628 [6]
119 629 [8]
28 630 [9]
631 690 [6]
632 765 [0]
343 633 [2]
410 538 [1]
83 634 [1]
593 635 [0]
315 636 [2]
136 637 [9]
286 638 [4]
97 622 [5]
347 639 [8]
107 640 [5]
329 641 [8]
81 642 [5]
571 643 [0]
451 644 [4]
138 645 [7]
3 366 [9]
310 615 [8]
517 646 [3]
133 642 [7]
95 452 [9]
478 482 [0]
44 647 [6]
571 604 [3]
368 648 [9]
134 649 [5]
322 650 [8]
63 424 [6]
68 96 [2]
226 651 [7]
26 652 [9]
98 653 [5]
555 654 [3]
432 655 [4]
656 742 [0]
262 657 [2]
32 409 [6]
284 748 [1]
283 658 [4]
384 659 [3]
171 660 [2]
278 501 [2]
661 715 [1]
662 669 [0]
128 172 [3]
6 663 [7]
175 664 [1]
665 676 [0]
54 516 [5]
630 666 [9]
159 667 [9]
282 680 [1]
301 668 [8]
12 455 [9]
7 669 [4]
89 357 [6]
10 670 [6]
203 671 [1]
265 672 [2]
275 673 [8]
532 674 [4]
209 260 [3]
133 675 [5]
148 676 [4]
36 677 [5]
50 678 [6]
88 679 [2]
118 680 [4]
34 364 [8]
59 681 [4]
171 607 [1]
586 673 [8]
181 682 [7]
10 236 [6]
11 514 [6]
132 744 [4]
551 683 [6]
26 461 [5]
684 732 [2]
685 757 [0]
453 686 [8]
209 687 [2]
350 688 [1]
282 689 [1]
55 690 [5]
33 141 [6]
141 525 [7]
366 691 [8]
56 405 [6]
184 238 [0]
102 692 [9]
269 572 [3]
0 693 [0]
145 694 [7]
82 695 [0]
144 227 [6]
175 606 [2]
12 696 [4]
131 184 [6]
643 697 [0]
464 680 [2]
588 698 [0]
167 699 [1]
95 700 [7]
406 701 [2]
71 457 [4]
4 702 [3]
68 703 [4]
212 359 [9]
333 704 [3]
173 705 [1]
210 383 [7]
628 706 [0]
707 760 [8]
683 708 [0]
65 709 [9]
33 710 [5]
475 711 [2]
605 712 [0]
15 713 [3]
515 714 [2]
2 715 [3]
590 643 [8]
62 716 [5]
329 392 [1]
201 403 [4]
3 141 [2]
18 536 [6]
550 717 [4]
12 540 [7]
702 718 [0]
164 719 [7]
584 720 [2]
560 721 [0]
604 643 [3]
213 515 [2]
563 722 [1]
30 723 [7]
105 541 [7]
243 724 [7]
19 725 [4]
681 726 [8]
35 727 [5]
335 728 [4]
429 729 [6]
38 730 [9]
326 731 [6]
2 344 [8]
501 515 [4]
35 732 [5]
481 521 [8]
131 753 [5]
733 735 [0]
232 296 [4]
22 734 [6]
133 542 [9]
12 735 [3]
736 766 [2]
2 737 [7]
85 738 [7]
153 739 [7]
740 751 [1]
192 741 [1]
38 742 [5]
1 123 [2]
469 743 [1]
197 556 [3]
613 744 [2]
1 621 [6]
245 441 [5]
90 745 [5]
557 746 [3]
264 747 [4]
748 774 [1]
33 799 [4]
239 749 [7]
228 277 [7]
401 750 [1]
712 751 [0]
722 752 [0]
43 753 [5]
483 754 [9]
439 755 [8]
261 756 [1]
215 737 [1]
394 395 [0]
475 557 [8]
705 757 [0]
618 758 [2]
208 759 [1]
117 760 [9]
73 761 [5]
590 762 [3]
5 761 [6]
283 704 [8]
25 212 [6]
579 763 [0]
150 788 [0]
71 107 [1]
26 574 [5]
538 764 [9]
176 765 [4]
639 717 [2]
763 766 [0]
734 767 [0]
46 701 [1]
411 768 [8]
380 769 [4]
434 581 [2]
18 297 [3]
405 770 [8]
35 622 [7]
456 747 [1]
126 771 [5]
2 104 [8]
140 772 [4]
35 684 [7]
586 773 [3]
43 131 [0]
140 774 [4]
550 639 [2]
210 775 [7]
89 776 [9]
46 777 [4]
87 778 [2]
509 779 [6]
710 780 [0]
56 770 [5]
5 781 [4]
565 782 [3]
564 783 [2]
180 784 [5]
479 663 [6]
205 435 [2]
116 771 [7]
479 785 [9]
441 707 [8]
16 128 [8]
79 786 [5]
3 787 [9]
277 338 [0]
145 788 [4]
789 792 [0]
238 790 [2]
82 791 [9]
38 792 [5]
709 793 [0]
411 650 [8]
219 794 [8]
795 797 [0]
739 796 [0]
281 388 [1]
764 797 [0]
260 798 [4]
193 799 [7]
16 654 [7]
0 364 [2]
1 24 [8]
2 529 [9]
3 5 [5]
4 116 [2]
2 92 [8]
0 382 [6]
4 148 [8]
5 69 [2]
6 344 [5]
2 421 [3]
7 14 [0]
8 528 [3]
9 387 [3]
5 48 [4]
10 238 [3]
11 358 [6]
10 242 [8]
12 339 [9]
13 45 [7]
14 231 [9]
15 592 [6]
16 39 [7]
2 393 [2]
17 62 [2]
17 18 [0]
6 627 [1]
18 169 [1]
19 211 [6]
20 777 [6]
5 20 [0]
0 262 [2]
21 121 [9]
22 201 [8]
23 639 [3]
24 527 [1]
25 389 [9]
26 795 [5]
21 126 [6]
27 675 [7]
24 631 [2]
28 755 [9]
29 38 [4]
30 792 [7]
31 714 [6]
32 743 [6]
3 610 [3]
33 636 [1]
34 336 [3]
22 35 [2]
36 601 [5]
37 783 [4]
38 146 [3]
39 173 [8]
4 40 [5]
41 375 [6]
42 305 [9]
10 16 [0]
37 353 [5]
43 501 [6]
44 224 [8]
45 571 [5]
46 496 [5]
47 360 [5]
15 721 [3]
48 398 [9]
49 264 [3]
50 321 [8]
51 653 [4]
52 511 [8]
53 316 [5]
54 371 [5]
0 695 [9]
55 526 [6]
56 766 [5]
57 559 [7]
58 252 [2]
52 110 [3]
59 290 [6]
55 60 [7]
61 162 [2]
62 171 [5]
63 673 [6]
64 447 [8]
41 432 [3]
65 107 [7]
66 309 [5]
13 67 [8]
68 241 [5]
69 602 [5]
11 70 [8]
71 178 [8]
72 245 [2]
28 73 [1]
74 207 [7]
50 505 [9]
0 348 [2]
8 30 [1]
75 567 [5]
8 76 [2]
36 77 [4]
78 93 [0]
79 155 [2]
80 147 [3]
51 263 [7]
61 725 [5]
81 406 [3]
39 198 [8]
82 771 [6]
83 582 [1]
10 84 [1]
76 85 [6]
59 566 [1]
86 228 [8]
87 366 [4]
87 88 [0]
9 294 [8]
89 265 [6]
90 317 [6]
91 593 [7]
92 519 [7]
93 549 [7]
52 94 [8]
4 166 [1]
81 95 [0]
81 385 [5]
96 378 [7]
97 677 [7]
16 458 [8]
98 576 [5]
58 536 [6]
75 131 [9]
35 99 [9]
99 115 [9]
100 274 [6]
101 557 [8]
102 136 [1]
46 408 [4]
51 103 [8]
20 306 [7]
104 176 [5]
105 715 [4]
106 254 [3]
67 107 [6]
16 108 [2]
3 37 [2]
69 76 [0]
103 185 [9]
35 625 [7]
44 205 [9]
26 38 [0]
91 109 [0]
110 302 [5]
111 258 [3]
10 745 [7]
112 253 [2]
113 221 [5]
114 466 [7]
115 343 [5]
116 187 [3]
117 267 [4]
0 118 [2]
117 537 [5]
74 119 [3]
120 337 [5]
121 342 [9]
122 157 [7]
123 223 [9]
124 407 [5]
32 109 [2]
125 656 [7]
126 225 [6]
127 560 [7]
128 796 [4]
36 129 [6]
130 606 [4]
15 131 [1]
132 707 [4]
133 483 [5]
63 93 [8]
41 134 [2]
46 135 [4]
136 550 [8]
53 124 [9]
0 226 [1]
137 736 [4]
58 261 [3]
72 523 [6]
2 291 [8]
22 437 [9]
85 138 [6]
139 188 [5]
97 140 [6]
141 565 [4]
142 454 [7]
112 684 [4]
3 131 [1]
143 251 [6]
14 165 [8]
41 161 [9]
126 685 [7]
144 355 [4]
145 347 [2]
146 428 [6]
147 693 [1]
148 787 [1]
126 654 [7]
149 215 [4]
1 31 [5]
150 477 [1]
151 784 [7]
152 628 [7]
153 786 [4]
154 472 [7]
155 521 [9]
140 156 [0]
157 341 [1]
158 287 [6]
0 159 [1]
76 598 [5]
11 121 [3]
160 367 [6]
0 338 [9]
62 161 [7]
162 670 [9]
60 103 [7]
163 708 [5]
36 170 [3]
164 193 [0]
79 544 [5]
66 163 [2]
44 329 [6]
165 192 [6]
40 517 [6]
14 166 [8]
167 744 [4]
154 540 [1]
35 115 [6]
19 168 [3]
97 617 [5]
159 169 [0]
95 170 [3]
171 764 [2]
172 726 [1]
2 468 [2]
6 173 [3]
6 174 [9]
175 729 [1]
176 233 [6]
8 388 [3]
88 524 [9]
177 182 [0]
178 516 [7]
179 442 [1]
25 763 [5]
66 93 [8]
180 327 [3]
1 9 [1]
70 181 [9]
71 182 [8]
130 183 [3]
172 184 [5]
78 163 [8]
55 185 [9]
186 742 [1]
187 624 [7]
188 352 [7]
60 189 [2]
190 222 [6]
191 230 [4]
38 41 [7]
0 374 [9]
192 292 [4]
114 193 [6]
187 373 [4]
194 506 [7]
195 297 [9]
196 220 [6]
197 259 [5]
198 340 [9]
199 210 [0]
52 596 [3]
199 200 [0]
201 615 [4]
202 416 [7]
13 314 [3]
58 173 [3]
121 203 [2]
204 620 [8]
40 359 [8]
205 578 [2]
50 176 [3]
206 349 [0]
2 3 [0]
207 281 [2]
155 543 [5]
208 603 [5]
209 412 [4]
156 731 [5]
65 465 [9]
210 282 [8]
211 411 [2]
44 62 [8]
150 212 [1]
213 324 [1]
144 214 [0]
215 409 [3]
187 250 [1]
60 216 [2]
200 217 [0]
166 346 [7]
133 218 [6]
4 219 [3]
65 588 [9]
118 479 [1]
220 717 [4]
221 311 [6]
165 166 [0]
218 222 [0]
27 223 [9]
224 390 [9]
209 225 [0]
40 626 [9]
31 294 [2]
44 226 [2]
227 645 [5]
64 228 [2]
229 749 [4]
69 539 [5]
230 236 [0]
6 50 [8]
231 690 [4]
232 266 [7]
0 150 [9]
196 233 [8]
21 234 [6]
235 330 [4]
236 595 [8]
146 553 [6]
36 237 [6]
238 498 [4]
208 239 [0]
127 211 [4]
41 44 [0]
241 356 [3]
9 489 [7]
242 619 [1]
165 169 [0]
243 728 [7]
30 244 [9]
245 417 [6]
246 668 [1]
247 332 [7]
185 351 [4]
227 248 [0]
10 249 [2]
198 307 [6]
16 23 [5]
250 691 [7]
251 548 [7]
252 659 [4]
253 733 [8]
254 520 [4]
123 424 [5]
7 255 [5]
97 256 [7]
66 257 [3]
186 258 [0]
2 259 [6]
260 325 [0]
261 507 [4]
11 203 [3]
262 402 [5]
263 600 [1]
264 776 [4]
154 265 [4]
1 153 [1]
187 568 [7]
266 525 [2]
267 448 [3]
15 213 [3]
95 268 [8]
20 111 [2]
269 487 [1]
240 422 [0]
270 504 [3]
37 271 [4]
37 272 [2]
63 273 [2]
274 513 [9]
75 275 [7]
35 255 [5]
248 276 [4]
44 161 [9]
243 277 [7]
72 278 [7]
279 488 [7]
117 315 [9]
102 354 [9]
280 443 [7]
281 778 [6]
282 644 [4]
171 224 [5]
197 283 [6]
284 295 [0]
105 218 [7]
285 665 [4]
12 789 [6]
286 303 [5]
1 287 [1]
231 350 [5]
268 288 [0]
289 640 [3]
51 81 [8]
44 290 [2]
58 276 [5]
16 403 [9]
205 254 [4]
75 291 [3]
292 322 [4]
115 334 [5]
171 425 [4]
112 293 [6]
158 294 [6]
63 457 [5]
295 574 [1]
296 770 [1]
297 376 [7]
226 491 [4]
298 577 [7]
299 441 [7]
300 515 [7]
126 267 [4]
122 301 [9]
302 737 [1]
179 641 [1]
18 303 [6]
257 304 [0]
305 569 [2]
6 306 [4]
58 307 [2]
308 612 [6]
309 710 [3]
284 310 [1]
311 642 [2]
312 683 [1]
52 667 [6]
296 313 [0]
149 314 [9]
111 186 [3]
126 315 [9]
280 316 [7]
317 613 [4]
18 283 [8]
171 318 [1]
183 319 [6]
43 202 [9]
111 320 [3]
321 431 [9]
322 575 [8]
323 586 [2]
242 333 [4]
324 741 [1]
136 419 [9]
120 325 [8]
77 326 [6]
307 798 [4]
112 474 [4]
177 327 [3]
328 452 [2]
329 750 [2]
108 330 [7]
91 140 [6]
79 306 [5]
47 331 [9]
332 420 [1]
333 456 [0]
130 147 [8]
88 136 [2]
4 334 [3]
335 512 [7]
336 554 [7]
337 698 [3]
59 240 [7]
299 338 [1]
17 775 [6]
164 339 [7]
340 396 [0]
96 341 [3]
181 342 [6]
219 343 [0]
63 296 [2]
239 344 [3]
98 345 [5]
192 346 [8]
54 347 [5]
348 449 [0]
73 349 [5]
49 779 [5]
350 510 [4]
351 381 [9]
97 352 [7]
353 730 [1]
354 410 [7]
355 688 [1]
214 356 [1]
245 434 [5]
135 357 [8]
293 358 [5]
52 359 [8]
90 360 [5]
361 674 [8]
362 773 [3]
124 363 [7]
130 319 [6]
364 380 [0]
365 669 [3]
366 561 [8]
0 239 [1]
0 686 [3]
283 367 [8]
368 404 [0]
180 369 [5]
370 780 [4]
67 215 [2]
60 100 [8]
206 371 [3]
372 379 [0]
373 597 [8]
194 374 [2]
151 375 [5]
86 629 [1]
376 599 [6]
377 791 [8]
34 378 [9]
256 379 [9]
380 383 [0]
60 381 [3]
98 322 [6]
270 382 [3]
334 572 [7]
153 594 [7]
77 237 [6]
312 630 [1]
40 438 [3]
383 547 [9]
384 633 [3]
239 310 [7]
385 709 [3]
386 423 [4]
387 486 [4]
71 388 [9]
389 459 [3]
390 471 [4]
0 391 [8]
392 793 [3]
213 570 [7]
247 393 [7]
179 394 [5]
1 395 [2]
175 396 [7]
320 397 [9]
97 118 [6]
331 398 [6]
150 374 [3]
2 399 [2]
400 508 [9]
235 401 [6]
59 402 [5]
235 403 [7]
41 82 [7]
150 338 [6]
279 404 [9]
213 405 [2]
103 406 [3]
156 407 [7]
229 408 [4]
65 409 [2]
88 410 [3]
411 694 [1]
97 139 [3]
14 99 [8]
117 412 [9]
195 413 [5]
122 251 [8]
243 254 [6]
37 205 [4]
132 414 [6]
261 415 [9]
416 492 [7]
243 616 [4]
417 605 [1]
101 418 [2]
50 239 [2]
419 769 [6]
10 546 [6]
420 522 [2]
271 421 [8]
95 621 [5]
127 538 [1]
422 604 [1]
423 611 [4]
91 370 [3]
424 723 [2]
126 139 [6]
223 424 [9]
40 52 [0]
2 323 [3]
3 291 [8]
237 242 [2]
44 425 [6]
1 294 [1]
115 497 [7]
118 426 [7]
427 785 [6]
414 428 [0]
127 424 [5]
188 720 [4]
296 556 [5]
0 194 [8]
89 429 [5]
7 430 [5]
431 759 [3]
68 432 [3]
433 591 [9]
372 434 [3]
127 435 [5]
183 545 [6]
203 436 [4]
437 481 [0]
179 438 [9]
115 376 [5]
187 453 [4]
37 439 [7]
86 440 [6]
36 51 [8]
441 632 [2]
424 435 [0]
442 462 [2]
234 443 [3]
444 494 [0]
44 312 [8]
61 399 [8]
153 292 [5]
166 445 [9]
446 704 [8]
255 430 [0]
94 447 [6]
0 73 [1]
448 535 [8]
237 326 [7]
3 271 [6]
449 697 [4]
157 369 [6]
125 450 [5]
212 451 [9]
13 452 [6]
1 364 [2]
222 453 [1]
59 680 [1]
50 220 [3]
454 788 [2]
455 753 [3]
237 456 [4]
65 457 [9]
338 441 [8]
138 221 [9]
458 478 [9]
405 459 [8]
240 460 [8]
150 194 [2]
124 461 [7]
9 462 [9]
463 767 [2]
464 541 [0]
326 495 [2]
103 351 [8]
446 466 [4]
59 531 [1]
215 502 [9]
79 467 [9]
468 562 [4]
29 469 [8]
225 315 [5]
56 470 [5]
12 28 [9]
377 471 [4]
450 472 [0]
0 455 [9]
387 438 [7]
40 473 [9]
76 747 [5]
88 464 [9]
261 307 [3]
11 474 [6]
297 475 [1]
262 476 [1]
50 477 [6]
84 478 [6]
43 55 [4]
479 678 [8]
143 480 [9]
201 300 [2]
55 381 [6]
255 481 [2]
172 317 [9]
464 482 [0]
33 483 [7]
2 484 [6]
485 687 [0]
390 794 [8]
486 555 [0]
440 487 [2]
50 196 [4]
262 488 [7]
153 489 [1]
10 58 [1]
232 679 [1]
21 348 [9]
303 350 [0]
262 499 [7]
23 490 [3]
491 643 [3]
215 493 [8]
69 492 [3]
313 493 [5]
494 738 [1]
130 232 [8]
495 797 [9]
315 412 [7]
173 765 [4]
399 468 [6]
217 496 [7]
475 497 [0]
168 264 [7]
126 461 [5]
490 498 [0]
59 499 [7]
10 500 [6]
49 501 [6]
13 502 [9]
224 425 [7]
61 503 [9]
153 504 [1]
187 579 [4]
505 724 [6]
16 235 [2]
51 100 [3]
455 506 [1]
39 507 [9]
20 508 [3]
96 509 [7]
205 290 [7]
18 510 [8]
26 511 [3]
138 512 [7]
216 513 [6]
278 514 [6]
154 247 [5]
0 59 [2]
74 661 [7]
62 425 [5]
7 515 [5]
516 727 [8]
40 166 [4]
74 696 [1]
88 517 [4]
171 367 [2]
386 518 [3]
394 438 [9]
426 519 [2]
520 781 [9]
174 521 [9]
163 772 [5]
141 522 [5]
256 523 [2]
4 524 [8]
525 689 [8]
526 532 [0]
98 179 [3]
254 272 [0]
164 443 [6]
213 459 [2]
152 527 [7]
242 276 [1]
528 655 [4]
25 529 [9]
37 530 [4]
531 662 [3]
203 474 [4]
532 757 [8]
266 533 [1]
310 534 [2]
67 502 [1]
514 535 [0]
536 761 [1]
139 537 [4]
254 329 [9]
538 713 [8]
49 539 [6]
484 540 [0]
1 657 [7]
541 722 [4]
35 542 [7]
6 543 [7]
544 638 [0]
533 545 [0]
369 608 [1]
23 546 [6]
395 547 [9]
97 126 [8]
149 502 [7]
357 548 [2]
286 350 [5]
384 549 [2]
184 746 [8]
550 564 [4]
126 348 [6]
5 551 [6]
100 552 [7]
26 553 [6]
369 554 [1]
95 288 [8]
40 555 [6]
290 531 [7]
208 558 [5]
556 580 [0]
484 702 [8]
168 557 [1]
510 700 [8]
204 558 [3]
559 587 [8]
5 560 [6]
482 561 [2]
61 562 [9]
41 563 [6]
2 97 [2]
564 739 [1]
429 565 [8]
439 566 [8]
415 734 [1]
3 567 [3]
6 79 [8]
231 568 [5]
15 569 [4]
237 647 [7]
433 570 [9]
137 571 [7]
117 126 [0]
173 261 [2]
209 315 [5]
219 572 [7]
345 573 [6]
238 490 [4]
397 574 [1]
575 672 [9]
198 396 [9]
455 651 [2]
342 584 [7]
0 208 [1]
576 671 [3]
288 577 [4]
110 473 [1]
83 578 [5]
62 732 [5]
222 579 [1]
65 580 [2]
581 589 [0]
272 582 [2]
3 583 [3]
584 648 [9]
0 585 [9]
97 586 [7]
587 646 [8]
338 530 [0]
313 588 [4]
573 589 [0]
590 774 [8]
25 591 [6]
583 592 [0]
32 593 [9]
98 594 [9]
595 622 [1]
596 790 [2]
166 343 [9]
597 660 [8]
138 598 [5]
243 329 [5]
334 343 [0]
599 634 [2]
600 718 [2]
601 703 [3]
602 740 [6]
424 652 [1]
391 603 [1]
287 294 [0]
368 604 [4]
461 605 [0]
244 606 [1]
195 607 [4]
327 608 [9]
346 716 [3]
291 567 [4]
285 609 [4]
163 610 [9]
365 611 [0]
444 612 [1]
613 719 [2]
361 614 [3]
173 663 [4]
105 615 [4]
312 616 [1]
427 617 [8]
312 618 [9]
10 23 [5]
198 261 [5]
619 649 [0]
232 392 [5]
534 620 [8]
296 588 [4]
16 84 [1]
473 762 [6]
298 621 [4]
65 701 [9]
622 712 [8]
12 623 [3]
190 624 [5]
625 666 [8]
257 549 [4]
626 756 [3]
472 522 [4]
25 570 [6]
142 627 [1]
269 628 [5]
362 629 [6]
630 637 [0]
31 631 [4]
59 262 [9]
460 632 [6]
57 633 [4]
542 634 [3]
4 626 [6]
328 635 [8]
5 172 [2]
413 636 [2]
576 768 [9]
56 463 [6]
456 495 [3]
277 637 [5]
6 638 [4]
639 751 [8]
503 640 [0]
153 641 [4]
250 497 [7]
335 642 [1]
563 643 [8]
2 586 [9]
44 637 [5]
43 406 [6]
240 566 [2]
439 531 [2]
551 644 [0]
23 238 [8]
106 616 [1]
237 645 [1]
128 646 [1]
208 534 [7]
65 215 [9]
329 637 [2]
495 647 [2]
648 735 [1]
326 649 [2]
171 283 [0]
35 609 [7]
202 650 [1]
4 41 [5]
153 364 [6]
364 676 [4]
51 60 [8]
194 651 [1]
124 164 [8]
297 497 [1]
538 652 [3]
500 653 [8]
654 711 [3]
260 655 [5]
275 656 [0]
489 657 [0]
184 658 [7]
249 659 [4]
10 326 [3]
119 236 [1]
105 660 [2]
173 627 [2]
104 212 [9]
67 661 [4]
109 593 [7]
205 662 [6]
46 138 [9]
454 663 [8]
418 664 [1]
430 665 [1]
609 666 [3]
302 667 [7]
113 668 [6]
88 669 [1]
87 464 [9]
399 670 [7]
23 235 [2]
394 671 [4]
672 758 [0]
149 673 [5]
673 692 [0]
131 583 [5]
208 620 [5]
658 674 [0]
590 675 [8]
382 676 [3]
585 677 [0]
2 678 [3]
509 679 [3]
218 660 [2]
476 680 [9]
145 681 [7]
232 682 [7]
302 705 [4]
106 683 [4]
436 684 [9]
308 685 [8]
23 403 [9]
150 686 [8]
20 687 [4]
167 688 [7]
392 689 [3]
173 507 [4]
130 545 [6]
286 690 [4]
607 691 [8]
296 692 [5]
319 693 [8]
123 694 [7]
0 603 [3]
204 695 [0]
281 696 [6]
21 697 [1]
298 698 [4]
415 699 [1]
83 254 [3]
169 700 [7]
206 348 [4]
16 330 [7]
443 466 [0]
59 404 [5]
493 701 [8]
10 649 [9]
6 239 [9]
154 702 [7]
301 703 [2]
9 438 [6]
148 423 [5]
154 522 [9]
53 704 [1]
531 566 [0]
52 705 [5]
289 706 [3]
88 707 [1]
191 708 [4]
4 445 [3]
650 709 [9]
710 760 [0]
326 619 [2]
0 711 [9]
59 476 [1]
119 712 [1]
123 713 [7]
9 714 [9]
300 715 [7]
78 549 [7]
165 716 [9]
570 591 [0]
6 544 [4]
6 717 [7]
552 718 [9]
614 719 [2]
97 720 [7]
25 721 [9]
102 722 [9]
27 723 [1]
0 724 [9]
21 449 [9]
618 725 [8]
109 726 [1]
682 727 [8]
106 728 [4]
84 729 [9]
377 706 [1]
451 730 [4]
97 731 [5]
81 103 [0]
367 732 [8]
88 354 [7]
681 733 [2]
58 734 [5]
11 735 [6]
25 275 [5]
333 619 [2]
189 736 [4]
40 737 [4]
72 738 [5]
102 386 [5]
4 739 [9]
246 740 [7]
42 741 [4]
400 742 [4]
52 88 [8]
151 643 [7]
370 743 [4]
62 744 [4]
276 745 [0]
76 740 [5]
52 555 [6]
317 746 [8]
221 747 [5]
85 748 [4]
374 686 [8]
748 749 [0]
277 750 [0]
751 799 [3]
129 752 [4]
150 753 [3]
32 370 [8]
530 754 [9]
485 755 [9]
445 756 [8]
463 757 [2]
533 693 [8]
40 758 [5]
104 759 [2]
273 760 [5]
752 761 [0]
131 567 [5]
302 762 [2]
323 763 [2]
160 764 [3]
142 765 [7]
43 766 [7]
194 455 [1]
470 767 [5]
179 768 [2]
518 769 [6]
210 601 [4]
149 770 [4]
771 782 [0]
44 630 [9]
257 772 [1]
469 773 [8]
38 553 [6]
392 525 [1]
192 716 [4]
435 774 [2]
538 694 [8]
283 775 [4]
664 776 [0]
208 310 [5]
467 777 [2]
314 502 [2]
78 778 [1]
104 321 [5]
140 407 [7]
97 188 [6]
168 779 [8]
623 780 [0]
83 781 [1]
134 782 [5]
635 783 [3]
0 784 [6]
126 785 [5]
326 647 [6]
581 786 [6]
82 787 [3]
58 788 [9]
363 789 [0]
473 790 [3]
289 791 [2]
480 792 [2]
80 793 [2]
304 587 [4]
706 794 [3]
362 795 [3]
447 511 [0]
304 796 [1]
333 797 [3]
699 798 [9]
104 431 [4]
37 582 [2]
263 718 [1]
401 799 [1]
0 28 [5]
1 545 [8]
2 682 [9]
3 311 [2]
1 40 [5]
4 270 [3]
5 161 [9]
6 78 [6]
3 629 [7]
7 266 [7]
0 5 [5]
7 485 [1]
7 526 [5]
2 413 [8]
8 537 [6]
9 68 [8]
5 10 [0]
10 81 [1]
6 657 [1]
11 758 [9]
4 343 [3]
12 483 [9]
11 428 [8]
12 398 [9]
13 22 [5]
3 6 [2]
2 358 [3]
14 58 [8]
15 144 [8]
16 362 [9]
7 60 [8]
6 17 [2]
18 411 [3]
15 594 [6]
0 19 [4]
20 43 [1]
0 21 [8]
22 169 [1]
23 99 [1]
24 107 [6]
25 170 [3]
26 776 [9]
27 209 [5]
28 668 [7]
8 246 [8]
29 541 [2]
30 598 [6]
3 676 [6]
31 502 [6]
32 507 [6]
0 80 [8]
31 114 [8]
33 324 [7]
34 119 [3]
35 583 [7]
36 251 [8]
4 37 [2]
38 554 [6]
39 201 [8]
40 790 [7]
41 53 [2]
30 42 [3]
43 349 [5]
34 165 [2]
26 395 [8]
25 557 [9]
44 48 [4]
2 607 [6]
36 45 [0]
41 506 [3]
46 730 [7]
1 92 [2]
6 780 [7]
22 451 [8]
47 89 [4]
48 386 [3]
49 98 [7]
6 374 [4]
31 175 [8]
48 139 [2]
22 50 [1]
51 157 [4]
52 269 [2]
16 26 [7]
6 115 [6]
31 342 [3]
53 602 [5]
54 55 [0]
55 686 [9]
11 640 [6]
56 430 [6]
57 443 [5]
37 438 [5]
58 446 [6]
59 172 [5]
60 287 [2]
44 559 [9]
1 24 [8]
4 174 [1]
61 316 [6]
6 458 [3]
62 108 [9]
6 774 [4]
36 63 [2]
64 66 [0]
44 63 [1]
65 129 [1]
56 259 [9]
66 335 [8]
67 126 [6]
68 334 [5]
1 62 [2]
22 35 [2]
38 69 [8]
59 162 [6]
70 449 [3]
71 795 [7]
72 781 [4]
11 705 [5]
73 77 [0]
74 306 [4]
75 317 [5]
76 688 [5]
77 104 [6]
31 683 [6]
78 239 [9]
54 665 [9]
79 792 [5]
56 80 [3]
81 271 [9]
82 186 [1]
11 83 [2]
84 128 [8]
46 85 [0]
27 86 [9]
87 262 [5]
88 751 [1]
39 524 [3]
21 25 [6]
30 166 [1]
52 409 [9]
86 89 [2]
90 303 [6]
91 778 [1]
41 183 [4]
11 429 [7]
2 145 [8]
92 237 [9]
59 617 [4]
93 146 [9]
94 405 [9]
8 610 [3]
95 367 [5]
96 768 [1]
97 654 [4]
16 217 [8]
98 283 [6]
10 99 [1]
30 100 [8]
101 622 [8]
102 493 [9]
36 621 [7]
31 672 [9]
103 797 [5]
6 104 [3]
53 94 [6]
24 105 [0]
4 106 [2]
62 107 [9]
108 773 [7]
4 592 [6]
84 202 [8]
14 109 [9]
110 151 [3]
1 12 [4]
111 575 [1]
112 745 [1]
113 556 [1]
2 397 [8]
114 293 [6]
115 282 [3]
116 652 [7]
117 454 [5]
118 132 [0]
18 627 [4]
119 242 [2]
120 656 [5]
94 567 [7]
88 158 [9]
91 97 [0]
121 200 [5]
122 447 [3]
123 203 [5]
95 487 [4]
124 570 [9]
125 160 [7]
126 366 [5]
3 710 [3]
0 177 [1]
127 737 [1]
49 128 [8]
129 721 [4]
20 130 [1]
131 382 [4]
132 314 [9]
133 337 [9]
134 472 [9]
4 601 [6]
122 135 [7]
87 136 [2]
137 273 [9]
28 150 [9]
4 10 [5]
55 211 [5]
106 180 [9]
138 187 [6]
63 139 [3]
140 333 [7]
92 788 [4]
141 799 [4]
62 439 [5]
0 432 [8]
17 142 [2]
51 83 [6]
143 566 [1]
141 796 [4]
130 184 [6]
144 277 [1]
4 347 [7]
145 289 [2]
146 404 [6]
6 363 [4]
147 569 [1]
30 36 [0]
148 354 [7]
10 713 [6]
124 149 [0]
150 355 [2]
5 151 [2]
152 383 [3]
153 495 [4]
94 159 [9]
55 141 [8]
154 396 [7]
125 417 [6]
155 431 [5]
94 156 [6]
44 112 [8]
157 210 [4]
84 158 [3]
63 402 [8]
15 159 [1]
18 160 [9]
102 161 [5]
7 328 [7]
162 517 [9]
50 163 [2]
17 164 [1]
165 551 [5]
16 59 [8]
166 582 [7]
167 720 [4]
141 168 [5]
70 736 [4]
169 279 [6]
170 320 [0]
171 523 [7]
0 659 [6]
4 761 [3]
172 655 [7]
173 492 [5]
84 174 [2]
22 175 [8]
62 531 [4]
0 150 [9]
176 214 [0]
177 215 [4]
178 351 [3]
72 179 [6]
36 166 [1]
10 33 [2]
6 690 [1]
180 547 [3]
148 181 [6]
66 167 [8]
182 772 [7]
95 183 [4]
184 233 [6]
185 332 [4]
186 763 [1]
167 224 [2]
21 60 [3]
106 156 [0]
187 641 [1]
11 198 [8]
188 448 [4]
118 189 [6]
123 190 [9]
191 258 [5]
192 568 [1]
120 193 [2]
49 84 [0]
194 364 [9]
3 213 [8]
195 199 [6]
196 457 [4]
34 79 [0]
101 197 [7]
191 198 [0]
59 199 [5]
192 632 [1]
200 675 [4]
7 117 [8]
201 765 [4]
98 202 [8]
203 614 [4]
0 204 [9]
50 92 [8]
95 202 [8]
205 746 [9]
206 381 [1]
207 529 [2]
208 280 [6]
209 616 [2]
210 534 [4]
211 631 [9]
31 118 [2]
190 198 [6]
212 510 [9]
39 331 [9]
1 213 [8]
27 218 [5]
143 214 [2]
215 634 [6]
216 728 [7]
217 318 [5]
218 695 [1]
39 219 [6]
6 220 [5]
221 608 [3]
222 264 [0]
216 223 [0]
17 224 [2]
13 225 [3]
226 581 [7]
227 357 [5]
79 245 [2]
33 228 [9]
229 527 [7]
230 384 [2]
1 375 [8]
228 231 [0]
53 159 [8]
106 232 [6]
39 555 [6]
43 233 [8]
7 356 [4]
120 760 [9]
195 234 [6]
42 235 [6]
236 550 [2]
237 662 [2]
238 770 [2]
93 190 [9]
4 223 [1]
18 143 [8]
239 762 [1]
21 240 [7]
47 241 [6]
242 407 [4]
83 221 [9]
243 348 [6]
7 645 [7]
243 726 [4]
78 460 [1]
135 244 [1]
183 565 [5]
12 245 [1]
246 482 [7]
167 441 [7]
247 369 [4]
248 361 [4]
136 249 [1]
4 167 [2]
250 619 [4]
251 508 [3]
15 252 [2]
253 426 [3]
21 455 [1]
54 110 [3]
88 174 [3]
230 308 [6]
49 624 [6]
156 254 [3]
255 436 [1]
256 609 [3]
49 406 [8]
32 257 [8]
177 258 [6]
106 182 [9]
193 259 [5]
94 106 [0]
0 116 [1]
253 360 [0]
69 260 [9]
261 284 [2]
262 285 [0]
188 263 [7]
264 433 [9]
223 636 [1]
46 74 [6]
213 399 [9]
143 543 [1]
159 252 [8]
265 437 [2]
235 414 [6]
266 385 [2]
147 153 [0]
267 281 [6]
0 87 [2]
268 286 [6]
269 418 [5]
174 183 [0]
185 270 [8]
4 271 [6]
120 302 [9]
84 183 [2]
247 272 [0]
273 593 [5]
274 701 [2]
275 528 [1]
276 330 [0]
94 277 [4]
14 60 [8]
251 275 [7]
26 521 [9]
197 278 [7]
279 571 [1]
280 387 [5]
88 281 [4]
268 282 [0]
41 283 [3]
284 794 [2]
0 285 [2]
100 286 [6]
287 741 [5]
50 377 [6]
1 284 [8]
182 288 [6]
75 702 [5]
142 289 [1]
250 464 [5]
290 478 [5]
203 685 [1]
70 173 [3]
232 291 [3]
75 300 [3]
292 499 [3]
4 497 [6]
293 365 [7]
294 511 [6]
211 238 [1]
295 670 [4]
11 17 [5]
296 378 [5]
109 297 [5]
298 488 [5]
299 312 [0]
221 300 [6]
301 514 [1]
261 302 [5]
241 303 [0]
169 304 [6]
100 346 [2]
74 412 [5]
13 305 [8]
184 749 [2]
243 306 [4]
301 481 [2]
194 722 [1]
307 388 [5]
308 467 [2]
309 577 [9]
44 230 [9]
11 323 [3]
223 459 [4]
22 310 [9]
264 368 [5]
246 480 [9]
311 359 [0]
312 649 [4]
282 473 [4]
276 313 [4]
492 597 [7]
19 444 [3]
314 748 [2]
299 315 [0]
316 667 [1]
317 717 [1]
318 644 [1]
41 604 [9]
319 606 [2]
54 211 [5]
320 573 [1]
144 664 [4]
6 321 [3]
322 533 [4]
19 323 [3]
83 339 [7]
137 324 [7]
325 798 [4]
192 326 [0]
327 344 [0]
21 328 [1]
4 185 [6]
292 329 [0]
213 301 [0]
330 468 [1]
32 331 [9]
263 332 [9]
0 309 [9]
333 509 [6]
206 334 [2]
37 66 [8]
134 335 [9]
73 314 [9]
280 505 [1]
336 532 [7]
225 337 [4]
338 400 [1]
339 564 [1]
8 244 [2]
222 340 [7]
65 137 [4]
32 373 [9]
341 735 [7]
342 626 [1]
154 343 [7]
232 344 [5]
141 345 [4]
29 548 [9]
1 6 [2]
5 110 [3]
6 346 [1]
234 347 [4]
35 348 [3]
219 766 [2]
147 349 [7]
235 350 [5]
351 394 [0]
221 323 [9]
352 421 [0]
49 353 [3]
16 354 [6]
227 355 [5]
274 356 [1]
80 357 [4]
57 358 [9]
75 359 [3]
17 360 [7]
361 440 [1]
4 362 [6]
363 650 [0]
19 221 [1]
2 170 [8]
363 729 [3]
75 221 [9]
34 512 [6]
364 589 [4]
20 184 [8]
73 365 [7]
141 207 [4]
205 366 [0]
367 490 [8]
6 368 [3]
369 785 [8]
370 513 [7]
371 759 [0]
372 630 [9]
373 666 [8]
374 731 [1]
6 375 [5]
59 318 [9]
376 462 [1]
372 494 [2]
237 377 [7]
378 638 [3]
16 379 [7]
310 380 [4]
65 381 [2]
382 434 [3]
76 383 [3]
92 377 [7]
384 392 [0]
385 718 [8]
386 635 [8]
6 387 [3]
158 660 [2]
388 755 [2]
79 389 [9]
390 484 [8]
391 435 [0]
359 574 [1]
112 392 [4]
313 393 [6]
39 257 [3]
394 461 [4]
25 395 [8]
229 396 [9]
397 605 [1]
398 561 [8]
6 399 [3]
319 789 [1]
19 400 [2]
134 167 [9]
21 401 [9]
48 402 [1]
248 403 [7]
298 404 [6]
405 560 [6]
75 76 [0]
341 406 [5]
315 407 [7]
408 639 [8]
257 331 [1]
10 409 [6]
220 410 [9]
411 734 [8]
412 651 [2]
21 491 [2]
37 413 [5]
235 519 [5]
275 414 [4]
1 415 [2]
401 416 [4]
128 417 [5]
54 418 [6]
123 419 [4]
179 420 [1]
421 663 [8]
422 653 [2]
423 618 [9]
12 424 [3]
425 699 [8]
194 426 [1]
408 427 [0]
92 305 [0]
51 428 [3]
429 535 [8]
430 469 [0]
31 431 [6]
372 432 [2]
415 433 [0]
389 434 [6]
226 435 [5]
436 719 [2]
363 428 [1]
352 437 [2]
64 438 [3]
6 439 [9]
67 440 [5]
441 586 [2]
59 148 [0]
74 442 [7]
253 443 [8]
11 444 [3]
70 445 [9]
7 446 [5]
8 447 [2]
267 448 [6]
8 449 [8]
236 450 [2]
21 633 [1]
235 251 [0]
6 264 [5]
176 451 [5]
452 486 [0]
453 456 [2]
80 197 [6]
63 336 [8]
84 539 [3]
108 439 [9]
454 538 [3]
455 588 [6]
456 613 [1]
56 197 [2]
90 457 [5]
11 458 [8]
53 459 [4]
8 460 [7]
461 646 [6]
230 462 [2]
463 572 [4]
137 779 [1]
202 464 [9]
23 465 [7]
95 466 [6]
405 711 [2]
467 576 [2]
468 579 [1]
469 716 [1]
255 470 [8]
196 471 [6]
106 504 [1]
329 472 [3]
183 584 [6]
428 458 [0]
321 473 [4]
36 386 [9]
138 474 [7]
83 475 [7]
34 476 [5]
113 477 [1]
237 424 [7]
190 478 [3]
480 786 [2]
93 325 [9]
284 481 [1]
442 482 [1]
34 483 [5]
7 385 [7]
178 485 [7]
110 486 [4]
98 487 [4]
246 540 [1]
390 488 [0]
130 270 [5]
7 623 [5]
304 489 [2]
490 704 [8]
5 491 [7]
97 492 [6]
493 587 [2]
19 494 [3]
495 596 [2]
34 496 [9]
66 497 [9]
5 498 [3]
499 693 [3]
322 500 [3]
265 501 [4]
11 19 [5]
85 502 [4]
94 503 [7]
504 754 [0]
314 505 [1]
506 553 [0]
6 222 [5]
507 723 [3]
6 282 [3]
350 508 [4]
509 724 [3]
75 83 [0]
510 580 [8]
353 511 [9]
257 512 [4]
92 138 [6]
83 429 [4]
501 513 [0]
3 514 [3]
515 637 [8]
516 684 [8]
181 517 [9]
46 518 [4]
519 552 [0]
6 505 [7]
219 520 [2]
396 642 [8]
521 562 [2]
168 522 [4]
523 544 [2]
524 612 [1]
515 525 [0]
526 673 [2]
0 740 [8]
15 31 [0]
70 625 [7]
212 527 [4]
48 528 [2]
185 448 [8]
529 546 [0]
425 530 [8]
24 531 [1]
36 532 [9]
307 533 [3]
152 534 [4]
49 681 [6]
221 535 [5]
58 536 [6]
403 537 [8]
11 432 [8]
416 538 [3]
466 539 [7]
540 756 [0]
105 541 [7]
452 542 [0]
163 543 [5]
1 531 [9]
15 431 [6]
281 448 [8]
95 98 [0]
544 679 [9]
261 545 [7]
345 546 [3]
288 547 [9]
548 578 [2]
231 549 [5]
550 669 [8]
183 712 [5]
149 551 [5]
36 552 [9]
64 750 [5]
182 504 [4]
223 553 [3]
465 554 [8]
496 555 [2]
301 556 [7]
7 557 [5]
107 108 [0]
155 558 [5]
171 559 [1]
24 40 [3]
61 560 [6]
10 561 [6]
83 535 [7]
7 562 [7]
6 286 [9]
153 563 [7]
564 709 [2]
25 26 [0]
59 452 [4]
98 565 [5]
121 566 [1]
147 272 [6]
530 567 [8]
20 568 [6]
58 60 [0]
569 771 [6]
5 570 [3]
470 571 [6]
63 687 [5]
133 572 [6]
116 573 [7]
3 574 [9]
91 575 [1]
44 576 [9]
98 183 [2]
36 140 [8]
204 577 [3]
108 578 [6]
246 403 [4]
254 579 [1]
580 661 [1]
368 694 [7]
15 581 [9]
140 582 [1]
463 583 [4]
4 584 [8]
1 222 [8]
474 585 [2]
422 586 [2]
587 595 [0]
7 588 [1]
17 589 [9]
590 615 [0]
82 591 [2]
295 592 [4]
120 700 [4]
9 593 [9]
558 594 [0]
423 595 [7]
387 505 [1]
130 596 [6]
46 597 [7]
4 598 [8]
599 697 [1]
600 603 [0]
284 302 [5]
55 601 [9]
289 443 [2]
336 523 [9]
602 658 [0]
27 603 [7]
279 470 [2]
25 328 [9]
98 604 [9]
64 605 [5]
71 606 [4]
16 607 [6]
43 739 [7]
396 580 [7]
3 608 [8]
29 609 [6]
48 733 [8]
278 430 [8]
481 556 [2]
46 610 [7]
309 611 [9]
131 612 [5]
477 613 [4]
93 614 [7]
93 203 [5]
226 560 [5]
193 430 [9]
51 615 [7]
516 616 [0]
617 628 [0]
96 618 [5]
84 619 [5]
620 714 [0]
48 621 [0]
1 622 [3]
16 623 [6]
22 624 [3]
342 625 [4]
8 626 [6]
166 509 [5]
272 627 [1]
58 628 [6]
19 629 [4]
630 783 [3]
84 696 [5]
75 339 [7]
110 631 [2]
395 557 [7]
83 428 [3]
130 632 [5]
127 633 [4]
290 634 [4]
123 198 [3]
48 391 [8]
45 635 [9]
297 606 [8]
327 636 [8]
44 698 [7]
479 637 [9]
107 531 [7]
79 638 [5]
59 542 [4]
147 639 [5]
94 530 [4]
164 640 [5]
305 641 [1]
510 642 [8]
471 643 [1]
284 456 [4]
180 504 [4]
644 784 [0]
44 523 [3]
217 536 [7]
217 645 [4]
284 545 [7]
500 646 [8]
36 647 [6]
2 648 [8]
520 649 [0]
590 650 [8]
108 220 [6]
24 609 [1]
11 372 [7]
126 651 [5]
611 652 [3]
17 653 [9]
568 632 [2]
372 742 [6]
111 654 [4]
655 725 [3]
3 656 [6]
44 657 [4]
252 658 [9]
450 659 [8]
599 660 [2]
177 190 [0]
207 661 [0]
163 662 [7]
74 651 [7]
338 663 [3]
664 671 [0]
208 342 [6]
159 503 [9]
66 134 [2]
10 665 [6]
476 666 [0]
198 478 [9]
135 447 [1]
667 678 [0]
1 668 [7]
2 669 [7]
670 782 [8]
671 707 [3]
223 584 [3]
189 672 [7]
650 680 [0]
379 673 [3]
674 744 [2]
80 150 [1]
18 675 [6]
255 752 [1]
420 676 [3]
677 764 [3]
678 743 [0]
336 679 [2]
680 703 [0]
511 681 [7]
134 292 [9]
25 682 [5]
70 683 [4]
585 684 [8]
325 685 [7]
238 686 [4]
498 633 [2]
48 687 [3]
7 25 [8]
70 610 [7]
95 250 [8]
525 688 [2]
523 559 [1]
503 689 [3]
157 690 [9]
691 787 [8]
691 692 [0]
46 246 [3]
167 693 [2]
694 767 [8]
83 564 [5]
29 695 [9]
599 696 [8]
174 697 [5]
36 698 [7]
4 699 [7]
284 700 [2]
19 608 [3]
240 701 [8]
702 738 [8]
251 350 [5]
51 703 [4]
48 657 [1]
0 1 [0]
50 305 [8]
250 704 [2]
370 705 [1]
130 568 [5]
49 304 [3]
501 663 [1]
260 706 [5]
689 707 [0]
22 708 [9]
75 709 [4]
76 710 [5]
338 513 [2]
4 711 [9]
453 613 [1]
36 523 [6]
620 712 [8]
289 358 [8]
207 345 [0]
522 713 [4]
506 714 [4]
648 715 [0]
716 732 [0]
263 270 [1]
475 717 [1]
26 718 [9]
174 584 [6]
430 716 [1]
294 719 [7]
6 720 [4]
721 727 [0]
289 722 [8]
209 243 [3]
3 399 [2]
296 723 [4]
36 724 [5]
542 725 [3]
167 605 [4]
371 726 [0]
397 438 [9]
75 717 [5]
727 775 [1]
291 728 [1]
157 729 [3]
173 730 [4]
376 731 [6]
732 747 [0]
63 733 [6]
59 354 [7]
424 734 [2]
489 735 [8]
597 736 [8]
229 580 [9]
70 597 [7]
562 623 [2]
498 737 [8]
738 769 [0]
309 652 [6]
147 739 [7]
372 740 [2]
233 427 [7]
4 238 [8]
162 181 [0]
1 28 [5]
127 741 [7]
11 742 [9]
743 793 [8]
431 757 [8]
391 744 [2]
647 745 [2]
643 746 [9]
278 747 [8]
131 434 [5]
208 748 [7]
134 329 [9]
360 426 [3]
598 720 [2]
13 572 [3]
427 749 [3]
5 633 [7]
37 750 [4]
326 751 [2]
91 111 [9]
489 752 [3]
210 753 [4]
250 466 [5]
288 754 [1]
444 705 [2]
586 653 [0]
117 755 [7]
518 756 [9]
8 280 [8]
594 757 [3]
419 758 [6]
380 759 [1]
301 656 [1]
57 289 [1]
6 77 [9]
17 167 [2]
1 760 [3]
141 761 [7]
244 762 [2]
280 748 [1]
249 763 [7]
39 512 [6]
288 504 [1]
445 764 [8]
257 765 [4]
1 264 [8]
12 766 [7]
767 791 [5]
73 505 [5]
319 768 [2]
753 769 [0]
59 770 [2]
438 605 [1]
197 430 [5]
125 771 [7]
772 777 [0]
410 773 [1]
103 774 [5]
706 775 [0]
1 732 [3]
715 776 [1]
393 777 [1]
65 334 [2]
17 364 [8]
677 778 [9]
228 779 [1]
540 610 [3]
59 655 [4]
340 780 [1]
591 781 [8]
170 682 [1]
18 782 [9]
363 458 [1]
11 783 [7]
536 784 [8]
563 785 [8]
4 670 [3]
12 231 [1]
46 786 [1]
297 787 [2]
600 788 [8]
59 789 [1]
256 790 [6]
1 791 [6]
549 792 [8]
20 233 [2]
4 793 [7]
453 794 [6]
84 250 [8]
692 795 [8]
54 796 [5]
674 797 [2]
190 798 [7]
220 773 [2]
52 799 [5]
7 217 [6]
1 497 [6]
2 35 [2]
3 704 [7]
4 315 [2]
5 357 [3]
6 619 [4]
7 132 [6]
8 76 [2]
9 391 [6]
10 512 [6]
9 118 [8]
11 345 [9]
12 18 [0]
11 206 [9]
13 207 [9]
14 135 [4]
15 55 [1]
2 616 [7]
16 371 [4]
8 659 [7]
17 416 [6]
18 439 [3]
16 401 [8]
19 587 [3]
10 39 [1]
20 478 [3]
15 47 [1]
21 299 [5]
23 571 [9]
19 254 [2]
24 706 [4]
25 576 [5]
26 160 [5]
27 404 [3]
28 403 [9]
29 661 [6]
30 730 [9]
31 171 [3]
0 15 [4]
32 558 [9]
12 532 [3]
33 660 [4]
34 137 [8]
35 188 [6]
36 50 [2]
25 313 [8]
27 70 [8]
11 626 [9]
37 409 [7]
38 494 [6]
39 620 [6]
40 104 [8]
41 540 [7]
42 768 [2]
43 562 [5]
44 266 [9]
45 277 [5]
11 468 [8]
46 350 [7]
47 185 [9]
5 48 [7]
49 671 [9]
51 467 [7]
52 85 [2]
53 640 [7]
54 491 [5]
8 764 [5]
55 446 [6]
25 37 [8]
56 327 [6]
2 408 [9]
57 651 [7]
58 400 [8]
21 603 [4]
59 470 [2]
60 617 [6]
61 231 [2]
20 45 [1]
62 542 [7]
63 578 [3]
7 369 [7]
10 64 [1]
65 120 [7]
22 66 [1]
67 281 [4]
68 276 [4]
69 594 [7]
63 520 [5]
44 144 [8]
70 502 [4]
33 71 [8]
45 147 [8]
72 486 [5]
73 499 [9]
42 657 [2]
74 397 [3]
75 303 [7]
76 122 [8]
77 711 [7]
78 97 [6]
79 165 [4]
80 675 [1]
81 687 [4]
82 790 [9]
16 83 [2]
84 336 [8]
85 380 [3]
50 549 [6]
86 333 [5]
0 87 [2]
67 88 [0]
16 32 [2]
89 267 [5]
29 602 [8]
90 202 [8]
42 330 [1]
6 32 [2]
91 130 [8]
92 503 [4]
93 487 [1]
21 79 [6]
94 123 [3]
95 377 [6]
96 175 [5]
97 125 [0]
53 287 [9]
98 347 [5]
99 536 [9]
44 96 [2]
21 214 [9]
100 258 [5]
101 398 [0]
102 126 [0]
103 490 [6]
104 181 [3]
105 405 [4]
106 582 [1]
107 435 [9]
63 373 [9]
108 650 [7]
109 538 [4]
48 308 [9]
39 453 [9]
110 550 [4]
111 506 [5]
108 394 [6]
112 362 [4]
113 554 [1]
114 339 [1]
115 129 [3]
43 507 [5]
116 447 [3]
117 272 [9]
118 213 [5]
34 355 [9]
119 474 [4]
120 705 [7]
121 268 [5]
70 454 [7]
76 539 [5]
116 122 [8]
63 324 [6]
123 321 [3]
124 264 [6]
20 84 [1]
125 189 [0]
126 322 [9]
78 278 [4]
48 127 [1]
72 128 [9]
42 129 [0]
130 359 [6]
52 131 [2]
9 34 [0]
86 130 [2]
132 779 [1]
75 643 [7]
133 418 [6]
134 148 [6]
135 544 [9]
93 136 [1]
65 137 [4]
66 368 [8]
45 211 [5]
89 138 [8]
139 701 [2]
82 707 [6]
140 240 [5]
6 311 [3]
44 58 [1]
141 774 [4]
142 235 [6]
2 662 [7]
57 143 [5]
106 363 [1]
144 798 [1]
145 712 [1]
8 40 [5]
146 778 [4]
2 147 [1]
148 728 [4]
149 748 [7]
150 161 [0]
21 775 [4]
151 763 [4]
152 648 [5]
153 628 [5]
107 163 [3]
0 297 [8]
109 154 [3]
155 501 [6]
65 488 [2]
131 156 [9]
65 99 [7]
157 399 [1]
158 786 [2]
108 156 [9]
139 559 [1]
159 226 [8]
160 634 [6]
53 161 [7]
40 162 [4]
108 163 [3]
164 309 [1]
19 165 [1]
9 799 [5]
162 166 [3]
55 56 [0]
139 155 [6]
34 485 [4]
167 560 [7]
145 356 [1]
103 168 [6]
2 169 [1]
170 516 [1]
63 437 [5]
14 172 [6]
70 477 [5]
108 305 [6]
17 173 [8]
174 649 [5]
175 543 [4]
175 225 [7]
176 389 [4]
58 86 [2]
0 177 [1]
178 570 [6]
179 683 [1]
180 555 [5]
119 593 [1]
44 175 [3]
63 161 [9]
181 201 [6]
60 520 [9]
70 161 [4]
43 370 [6]
97 524 [3]
162 663 [5]
70 182 [9]
130 165 [3]
71 97 [8]
183 652 [5]
184 673 [4]
185 283 [1]
186 534 [1]
187 496 [7]
188 360 [1]
189 581 [7]
145 777 [1]
174 510 [6]
70 480 [5]
21 208 [6]
190 197 [0]
191 546 [4]
60 161 [9]
192 732 [4]
44 193 [2]
194 354 [4]
195 500 [7]
12 196 [1]
40 197 [2]
63 181 [2]
198 320 [5]
95 199 [8]
83 200 [6]
201 672 [1]
167 202 [0]
203 280 [7]
152 204 [4]
205 722 [8]
15 743 [3]
206 271 [0]
2 721 [3]
15 207 [9]
63 257 [3]
131 198 [9]
96 208 [9]
209 338 [1]
156 530 [4]
210 415 [7]
133 211 [5]
212 261 [0]
194 213 [0]
2 54 [1]
214 420 [1]
215 421 [3]
216 636 [1]
217 595 [7]
218 680 [2]
10 219 [3]
220 511 [9]
11 221 [2]
77 222 [6]
104 422 [7]
199 591 [9]
51 344 [5]
203 223 [6]
153 224 [6]
225 527 [1]
179 226 [3]
71 227 [8]
121 228 [6]
229 250 [0]
34 388 [6]
142 230 [4]
231 608 [3]
232 346 [1]
8 233 [1]
234 433 [6]
235 553 [5]
236 455 [2]
98 237 [3]
238 475 [4]
239 765 [5]
80 240 [7]
241 573 [8]
0 20 [4]
242 529 [4]
243 252 [0]
25 244 [8]
40 217 [8]
228 245 [0]
95 270 [9]
45 785 [5]
62 222 [3]
8 269 [1]
246 791 [2]
19 136 [4]
242 514 [4]
82 462 [3]
204 247 [4]
248 343 [5]
210 249 [9]
8 250 [2]
56 638 [5]
2 251 [1]
20 133 [1]
252 406 [6]
2 247 [2]
81 149 [4]
253 653 [9]
128 254 [3]
96 599 [5]
8 255 [3]
256 329 [2]
45 133 [0]
257 645 [4]
258 319 [9]
259 782 [3]
251 260 [0]
115 747 [5]
37 261 [5]
217 262 [5]
2 114 [8]
75 395 [3]
263 670 [1]
264 667 [4]
265 519 [2]
7 266 [7]
267 792 [5]
209 268 [5]
269 600 [5]
124 270 [5]
271 286 [7]
272 428 [5]
38 273 [3]
239 647 [3]
274 424 [9]
191 448 [4]
111 275 [7]
58 266 [9]
110 276 [2]
73 207 [5]
145 277 [1]
152 278 [4]
31 279 [8]
152 642 [1]
242 280 [9]
2 365 [9]
81 698 [5]
275 281 [0]
199 531 [4]
190 282 [6]
283 353 [8]
284 393 [5]
157 285 [1]
193 286 [8]
9 342 [6]
287 725 [1]
266 417 [1]
0 164 [1]
21 96 [5]
176 288 [5]
90 289 [5]
62 290 [9]
203 574 [1]
291 639 [4]
292 633 [2]
74 293 [9]
294 641 [4]
79 464 [6]
295 746 [8]
12 296 [2]
246 596 [7]
38 74 [8]
102 297 [9]
298 436 [5]
139 481 [1]
237 299 [5]
212 300 [3]
301 724 [2]
278 605 [3]
302 606 [1]
199 285 [5]
303 699 [3]
140 412 [7]
242 304 [2]
76 407 [7]
305 787 [1]
36 165 [4]
21 306 [2]
298 307 [0]
130 232 [8]
308 585 [6]
20 309 [4]
70 676 [7]
310 793 [6]
191 311 [7]
180 312 [6]
234 313 [9]
198 476 [1]
47 178 [4]
155 301 [9]
314 387 [7]
315 509 [4]
3 155 [1]
316 537 [1]
13 317 [3]
30 318 [6]
319 695 [1]
108 320 [6]
23 321 [2]
84 322 [6]
79 382 [7]
34 205 [5]
323 457 [8]
174 324 [9]
325 613 [3]
15 326 [3]
21 685 [1]
63 693 [5]
70 666 [4]
327 719 [2]
328 493 [1]
32 99 [4]
260 329 [5]
243 473 [5]
330 483 [6]
187 331 [4]
164 312 [6]
304 515 [7]
332 563 [4]
106 333 [7]
3 334 [3]
116 292 [5]
332 335 [0]
133 336 [3]
60 337 [9]
32 311 [8]
262 338 [1]
236 339 [0]
141 340 [9]
173 341 [5]
155 342 [6]
176 254 [5]
223 413 [6]
343 723 [8]
2 246 [8]
60 162 [2]
81 344 [6]
212 345 [1]
36 346 [4]
347 737 [0]
47 717 [6]
58 348 [8]
11 349 [9]
239 604 [5]
86 348 [6]
60 761 [6]
149 350 [5]
27 163 [8]
41 351 [8]
352 668 [3]
178 353 [6]
168 354 [4]
265 355 [2]
9 155 [3]
356 372 [0]
59 357 [7]
358 715 [3]
348 359 [0]
233 360 [1]
12 361 [7]
161 242 [1]
292 330 [8]
92 362 [4]
363 414 [1]
341 364 [0]
12 365 [9]
366 568 [2]
127 367 [1]
97 368 [6]
369 762 [6]
370 677 [1]
238 371 [2]
147 372 [4]
104 373 [4]
269 431 [5]
323 374 [2]
375 411 [0]
376 381 [0]
42 116 [3]
76 116 [8]
319 588 [2]
219 377 [0]
378 561 [1]
63 166 [2]
283 379 [2]
380 757 [1]
381 484 [2]
19 382 [7]
82 383 [1]
140 384 [7]
385 655 [8]
9 386 [9]
104 611 [4]
317 387 [7]
155 460 [4]
71 368 [6]
42 115 [3]
300 388 [7]
136 389 [3]
390 525 [3]
391 577 [2]
392 443 [1]
100 319 [5]
295 393 [5]
182 394 [6]
395 750 [1]
53 358 [5]
10 377 [3]
195 396 [9]
49 397 [3]
40 513 [3]
399 402 [0]
7 400 [6]
401 432 [0]
84 126 [2]
199 402 [7]
2 361 [7]
11 143 [8]
385 403 [0]
404 489 [1]
66 575 [5]
405 441 [0]
366 406 [4]
21 440 [9]
115 407 [7]
408 780 [8]
409 434 [0]
65 410 [1]
296 365 [7]
275 378 [8]
61 411 [6]
237 370 [9]
412 445 [0]
379 669 [2]
34 265 [9]
165 382 [7]
161 413 [1]
73 75 [9]
292 690 [8]
53 415 [3]
416 678 [2]
21 417 [9]
85 131 [9]
61 418 [6]
170 419 [1]
420 772 [0]
11 421 [6]
11 146 [4]
195 422 [9]
147 356 [4]
34 409 [9]
290 423 [6]
2 105 [8]
159 240 [6]
411 637 [2]
294 424 [5]
425 739 [2]
96 219 [5]
76 426 [7]
205 383 [4]
8 338 [9]
2 427 [9]
87 428 [5]
10 466 [3]
429 492 [1]
151 430 [5]
426 431 [0]
158 432 [0]
108 374 [7]
200 433 [7]
434 741 [1]
291 435 [7]
70 394 [3]
45 411 [6]
328 436 [0]
11 437 [9]
88 444 [9]
256 770 [9]
198 404 [7]
438 463 [8]
434 436 [0]
439 618 [4]
406 440 [0]
312 441 [7]
69 442 [7]
154 443 [9]
275 444 [1]
335 445 [7]
246 446 [7]
115 447 [3]
448 784 [0]
45 449 [3]
273 450 [5]
449 451 [0]
53 452 [7]
95 453 [5]
11 454 [6]
58 132 [8]
2 455 [9]
79 456 [9]
225 243 [3]
457 465 [0]
451 458 [0]
0 459 [6]
460 528 [8]
461 569 [9]
53 197 [9]
386 462 [0]
204 278 [9]
81 463 [6]
251 646 [4]
464 522 [4]
465 697 [6]
377 453 [2]
380 548 [4]
127 466 [5]
467 523 [4]
99 468 [3]
131 469 [9]
32 191 [8]
340 470 [8]
138 471 [5]
264 472 [7]
473 590 [2]
392 474 [6]
148 272 [5]
475 630 [3]
252 390 [5]
255 292 [0]
476 614 [3]
477 586 [1]
102 478 [6]
198 479 [1]
162 612 [5]
421 758 [2]
108 480 [6]
481 541 [2]
19 389 [6]
263 482 [1]
44 225 [3]
255 483 [2]
306 484 [0]
352 485 [3]
288 486 [7]
487 735 [3]
34 488 [6]
20 211 [7]
107 489 [4]
244 490 [9]
97 260 [9]
296 491 [4]
78 247 [3]
34 493 [6]
494 654 [2]
351 495 [1]
496 658 [4]
198 469 [7]
75 497 [7]
8 498 [3]
314 499 [1]
154 771 [4]
176 745 [1]
111 153 [0]
11 500 [6]
220 501 [7]
268 338 [4]
63 502 [5]
29 503 [3]
302 504 [1]
45 572 [6]
505 688 [8]
506 714 [4]
50 507 [9]
508 598 [0]
152 425 [9]
198 644 [4]
70 734 [4]
32 509 [6]
162 510 [6]
180 656 [7]
334 511 [7]
429 512 [8]
307 436 [5]
53 513 [5]
514 783 [3]
115 431 [7]
280 515 [4]
384 516 [3]
245 268 [6]
517 627 [3]
223 518 [4]
9 139 [3]
122 447 [6]
39 124 [4]
328 434 [6]
215 519 [8]
520 681 [8]
143 521 [4]
292 796 [2]
50 522 [3]
114 523 [7]
411 418 [0]
256 524 [2]
243 525 [5]
450 526 [0]
390 527 [1]
334 528 [4]
150 529 [3]
325 530 [7]
21 531 [1]
532 744 [8]
533 622 [4]
505 534 [0]
86 535 [5]
34 536 [9]
84 692 [6]
537 583 [0]
184 538 [2]
292 539 [4]
68 540 [4]
63 162 [2]
541 795 [2]
21 542 [4]
21 543 [1]
293 544 [4]
247 278 [1]
459 497 [3]
105 545 [7]
84 133 [7]
253 546 [6]
2 547 [8]
469 548 [2]
376 549 [1]
56 550 [6]
178 283 [6]
166 551 [5]
8 217 [2]
65 82 [0]
201 552 [7]
119 553 [7]
241 554 [1]
407 426 [0]
11 212 [8]
130 346 [1]
124 665 [5]
517 555 [0]
430 526 [3]
229 556 [9]
76 115 [1]
6 202 [3]
53 557 [5]
84 478 [3]
289 558 [6]
454 789 [3]
559 696 [6]
318 560 [4]
88 561 [7]
15 540 [7]
281 444 [1]
47 283 [3]
563 592 [0]
364 564 [9]
4 120 [1]
521 565 [2]
566 631 [9]
307 567 [5]
149 344 [6]
144 568 [4]
42 569 [2]
36 130 [3]
113 362 [0]
20 674 [3]
60 63 [0]
11 99 [4]
495 570 [2]
442 571 [0]
572 752 [4]
26 573 [5]
214 299 [5]
574 664 [3]
56 276 [5]
317 713 [1]
76 269 [9]
260 575 [1]
565 576 [0]
216 577 [7]
337 578 [1]
218 579 [1]
245 338 [7]
473 589 [2]
251 575 [1]
32 580 [3]
145 372 [2]
581 684 [8]
77 270 [5]
582 751 [9]
115 116 [0]
177 583 [5]
233 475 [5]
73 584 [6]
66 585 [5]
163 586 [5]
113 587 [8]
2 339 [9]
472 588 [8]
12 183 [1]
225 589 [1]
175 590 [4]
196 361 [7]
591 703 [2]
179 592 [4]
461 593 [3]
471 594 [1]
533 788 [1]
249 595 [5]
164 596 [3]
301 597 [1]
139 710 [4]
19 598 [8]
206 599 [1]
407 431 [4]
115 600 [5]
482 601 [1]
320 461 [1]
101 602 [2]
0 621 [7]
285 603 [7]
36 604 [9]
96 632 [7]
197 282 [6]
97 605 [7]
606 769 [6]
21 607 [1]
54 296 [2]
458 608 [9]
556 609 [1]
183 610 [9]
63 611 [9]
243 390 [5]
63 612 [9]
613 731 [0]
27 614 [7]
597 615 [0]
186 616 [2]
557 617 [0]
564 618 [9]
16 619 [9]
284 620 [4]
75 621 [1]
156 320 [5]
425 622 [2]
232 623 [5]
280 304 [0]
70 108 [9]
9 25 [0]
624 718 [0]
625 727 [9]
160 702 [2]
96 626 [7]
627 689 [9]
175 736 [2]
378 628 [8]
535 629 [3]
6 167 [3]
94 630 [4]
349 631 [6]
206 632 [2]
14 322 [5]
42 633 [1]
112 634 [2]
288 759 [1]
82 386 [3]
635 756 [3]
373 611 [0]
155 636 [1]
133 637 [5]
111 638 [4]
156 639 [7]
259 640 [8]
146 700 [4]
124 641 [4]
260 642 [1]
459 643 [6]
325 644 [7]
162 645 [5]
169 646 [7]
2 152 [2]
504 647 [8]
547 648 [4]
551 649 [3]
419 650 [6]
146 651 [5]
50 456 [9]
46 652 [7]
653 740 [2]
24 654 [2]
612 663 [0]
279 655 [4]
441 656 [2]
70 657 [1]
610 726 [3]
658 716 [4]
131 380 [6]
396 659 [8]
39 679 [5]
66 660 [5]
269 797 [4]
161 529 [3]
230 661 [0]
7 21 [5]
129 662 [2]
53 282 [6]
192 663 [1]
304 664 [4]
2 296 [1]
453 665 [2]
249 666 [4]
100 667 [7]
668 781 [0]
132 363 [4]
40 686 [6]
178 669 [7]
266 400 [4]
75 207 [7]
11 401 [8]
43 670 [5]
292 483 [2]
430 671 [1]
73 317 [9]
339 455 [0]
566 672 [6]
261 565 [1]
261 576 [1]
155 577 [7]
64 673 [6]
222 423 [9]
297 674 [4]
27 107 [9]
159 675 [5]
625 676 [8]
21 677 [1]
28 678 [6]
377 679 [8]
139 680 [2]
139 541 [7]
635 681 [2]
260 278 [4]
423 682 [1]
58 683 [5]
369 562 [0]
684 691 [0]
243 685 [7]
2 12 [4]
595 686 [0]
310 687 [6]
30 653 [5]
40 595 [6]
316 688 [1]
164 689 [7]
656 749 [6]
73 303 [5]
498 690 [8]
227 691 [5]
552 693 [3]
47 570 [3]
694 760 [0]
77 695 [7]
203 664 [1]
107 404 [6]
137 488 [5]
120 696 [4]
91 697 [7]
22 575 [4]
366 390 [2]
361 698 [1]
584 699 [2]
143 700 [2]
144 366 [4]
701 767 [5]
113 702 [2]
222 703 [2]
615 704 [3]
705 708 [0]
99 120 [0]
117 706 [9]
410 707 [1]
82 708 [8]
374 709 [6]
579 710 [8]
711 720 [0]
13 73 [4]
124 453 [5]
15 621 [7]
78 712 [4]
65 707 [6]
499 713 [1]
427 714 [8]
70 715 [5]
248 716 [5]
717 733 [0]
75 459 [4]
130 623 [9]
264 319 [0]
63 718 [6]
626 632 [0]
719 753 [6]
45 637 [5]
0 643 [9]
682 720 [0]
533 721 [4]
9 722 [9]
709 723 [0]
9 194 [6]
160 362 [0]
579 724 [0]
358 725 [8]
12 726 [4]
262 727 [7]
172 728 [4]
456 729 [8]
730 776 [0]
479 731 [8]
233 234 [0]
270 453 [8]
63 732 [6]
84 102 [2]
733 794 [8]
163 734 [7]
140 445 [7]
21 735 [4]
21 736 [2]
601 737 [6]
282 738 [4]
204 739 [6]
90 740 [3]
8 262 [8]
567 741 [0]
276 550 [8]
6 191 [3]
224 742 [4]
222 542 [4]
77 682 [7]
75 743 [5]
744 766 [0]
203 304 [9]
508 745 [2]
168 194 [0]
274 746 [2]
122 747 [9]
51 748 [4]
105 749 [2]
326 750 [2]
425 533 [4]
102 674 [6]
162 373 [5]
77 720 [7]
623 751 [8]
164 752 [5]
742 753 [0]
221 754 [4]
107 755 [7]
198 757 [4]
99 758 [7]
254 759 [1]
446 714 [1]
438 760 [4]
166 761 [9]
87 706 [4]
607 762 [6]
526 763 [8]
245 764 [7]
729 765 [0]
610 766 [8]
86 359 [6]
4 767 [7]
27 768 [1]
36 769 [5]
260 770 [1]
48 771 [6]
174 551 [5]
370 482 [7]
43 772 [7]
222 290 [3]
205 773 [6]
134 774 [7]
222 775 [4]
6 776 [7]
35 600 [7]
245 657 [4]
246 326 [7]
247 777 [4]
609 778 [6]
629 779 [0]
694 780 [1]
326 497 [1]
383 781 [1]
738 782 [0]
223 783 [7]
580 784 [1]
39 424 [3]
314 317 [0]
375 785 [2]
754 786 [6]
755 787 [0]
38 135 [7]
40 60 [7]
3 528 [8]
152 788 [4]
624 789 [8]
773 790 [0]
545 791 [2]
54 792 [5]
55 326 [6]
591 775 [1]
196 793 [7]
379 794 [9]
60 166 [7]
9 795 [5]
8 796 [9]
426 797 [8]
326 446 [0]
21 798 [2]
120 799 [7]
0 728 [6]
1 162 [1]
2 82 [9]
3 305 [2]
4 84 [1]
3 385 [6]
5 619 [9]
6 262 [3]
7 322 [5]
8 769 [9]
9 149 [3]
10 218 [8]
11 29 [7]
12 195 [2]
13 16 [0]
4 649 [9]
6 485 [1]
7 518 [4]
14 733 [5]
9 222 [3]
6 685 [4]
15 113 [6]
16 558 [6]
12 15 [0]
17 640 [6]
18 419 [9]
9 70 [8]
19 182 [1]
14 357 [5]
2 19 [4]
20 482 [3]
6 18 [2]
21 223 [3]
7 601 [7]
22 411 [3]
3 395 [2]
23 167 [2]
24 199 [5]
5 19 [5]
17 454 [6]
25 226 [8]
26 47 [7]
4 27 [2]
28 95 [7]
29 200 [1]
8 401 [8]
20 31 [0]
32 343 [6]
33 53 [0]
34 117 [4]
35 325 [9]
23 72 [1]
17 36 [1]
6 314 [5]
37 57 [0]
17 253 [4]
38 171 [6]
39 258 [3]
40 563 [6]
34 184 [3]
8 243 [1]
40 41 [0]
42 235 [3]
43 467 [5]
29 324 [3]
44 399 [8]
45 694 [9]
2 46 [2]
47 702 [6]
48 374 [6]
49 239 [2]
50 141 [8]
2 181 [1]
42 613 [7]
7 51 [6]
3 52 [5]
53 416 [5]
7 352 [7]
54 479 [5]
55 788 [5]
55 671 [9]
56 65 [5]
8 57 [2]
58 229 [8]
59 143 [9]
60 434 [9]
61 155 [2]
0 123 [2]
52 625 [6]
7 131 [9]
28 103 [7]
62 489 [1]
11 104 [8]
17 22 [0]
63 639 [6]
64 677 [5]
65 211 [0]
19 66 [1]
3 77 [1]
67 387 [9]
68 736 [4]
6 69 [6]
2 541 [8]
46 266 [7]
70 627 [1]
71 713 [9]
72 166 [3]
56 73 [2]
2 576 [9]
74 626 [7]
62 116 [0]
10 75 [2]
23 76 [2]
77 586 [7]
79 310 [9]
80 388 [7]
10 523 [3]
21 201 [9]
81 784 [9]
82 697 [6]
83 283 [5]
36 566 [5]
3 535 [3]
84 340 [6]
8 85 [2]
49 786 [5]
43 543 [5]
86 585 [7]
13 662 [7]
7 66 [8]
75 87 [3]
88 745 [1]
89 763 [5]
50 90 [7]
91 746 [1]
92 486 [4]
93 480 [5]
91 118 [6]
94 402 [3]
95 689 [5]
7 582 [1]
96 557 [7]
97 157 [4]
31 754 [4]
98 403 [9]
43 99 [1]
100 350 [7]
101 520 [0]
102 161 [5]
54 710 [9]
47 103 [7]
104 795 [1]
105 261 [9]
106 628 [7]
52 292 [6]
38 107 [3]
41 108 [2]
37 109 [6]
33 69 [2]
62 110 [5]
89 392 [9]
1 111 [1]
53 638 [4]
50 164 [2]
112 299 [5]
113 521 [2]
59 114 [0]
69 115 [0]
9 57 [8]
49 332 [8]
116 552 [5]
85 117 [8]
2 236 [9]
118 360 [1]
119 139 [0]
120 615 [9]
121 687 [2]
122 124 [0]
17 72 [1]
123 284 [5]
101 339 [3]
124 203 [6]
125 234 [9]
112 604 [4]
126 163 [3]
127 455 [4]
128 276 [4]
107 281 [5]
29 525 [8]
91 408 [7]
129 158 [0]
84 111 [2]
8 690 [7]
130 146 [0]
94 131 [9]
19 132 [2]
133 738 [5]
36 52 [7]
134 595 [9]
135 228 [4]
136 183 [4]
18 97 [2]
75 137 [1]
138 142 [0]
139 441 [4]
89 140 [8]
141 551 [7]
142 569 [1]
143 186 [0]
60 144 [8]
145 714 [7]
126 146 [7]
147 598 [5]
105 240 [7]
148 303 [4]
149 755 [7]
61 150 [5]
151 422 [5]
45 147 [8]
6 112 [3]
11 722 [6]
3 589 [9]
152 606 [1]
153 476 [4]
154 176 [0]
155 187 [9]
37 435 [9]
17 259 [6]
156 787 [4]
157 308 [0]
36 732 [9]
158 607 [4]
6 147 [6]
159 178 [0]
147 160 [7]
151 161 [7]
27 197 [9]
17 330 [7]
162 307 [8]
163 232 [8]
164 391 [9]
165 209 [6]
166 706 [9]
51 636 [1]
167 208 [6]
168 206 [1]
169 656 [5]
170 532 [7]
171 484 [2]
172 327 [9]
173 210 [5]
3 174 [1]
69 361 [1]
107 149 [0]
175 272 [5]
7 64 [8]
20 126 [4]
52 145 [8]
176 654 [1]
177 433 [6]
178 196 [0]
69 251 [9]
51 318 [5]
179 458 [5]
180 381 [9]
181 407 [9]
182 791 [4]
135 183 [7]
184 705 [1]
52 637 [5]
102 151 [8]
28 185 [9]
87 491 [1]
186 453 [1]
187 317 [9]
40 297 [6]
188 367 [1]
189 409 [5]
190 442 [7]
191 311 [7]
0 192 [8]
45 160 [5]
34 319 [3]
128 193 [9]
93 194 [5]
9 254 [8]
115 195 [6]
146 372 [4]
196 478 [6]
102 197 [8]
193 378 [5]
161 366 [0]
198 554 [9]
61 187 [8]
199 527 [4]
80 688 [4]
19 466 [8]
200 271 [4]
136 201 [2]
202 459 [1]
203 593 [1]
204 248 [7]
205 673 [8]
206 273 [5]
207 274 [4]
208 686 [5]
209 602 [7]
210 296 [6]
51 93 [0]
211 370 [1]
106 603 [7]
70 212 [5]
37 765 [7]
105 213 [7]
214 789 [1]
168 737 [8]
99 475 [5]
39 215 [4]
27 216 [9]
3 720 [9]
217 503 [7]
9 295 [3]
219 768 [8]
220 481 [1]
152 221 [9]
107 222 [6]
223 341 [6]
224 250 [0]
89 494 [3]
36 225 [6]
6 772 [4]
78 226 [2]
17 227 [2]
184 323 [7]
228 439 [9]
229 577 [4]
0 230 [9]
88 421 [4]
231 519 [5]
88 168 [7]
232 449 [6]
227 233 [0]
234 351 [6]
27 235 [2]
236 588 [6]
182 221 [0]
238 672 [1]
45 239 [8]
240 724 [2]
241 270 [0]
92 238 [9]
99 204 [7]
172 359 [7]
242 328 [4]
243 291 [6]
244 282 [3]
197 216 [0]
175 245 [6]
21 105 [0]
242 246 [0]
106 247 [3]
248 269 [0]
153 530 [4]
188 249 [9]
92 250 [2]
11 251 [2]
125 252 [9]
253 469 [8]
254 471 [9]
255 684 [2]
0 507 [6]
121 256 [1]
257 512 [4]
258 345 [1]
23 259 [6]
260 545 [3]
261 426 [4]
11 262 [8]
111 438 [3]
218 304 [6]
54 263 [9]
207 264 [1]
182 290 [8]
253 643 [6]
55 265 [9]
261 473 [4]
6 266 [7]
216 366 [7]
64 241 [9]
46 267 [1]
268 741 [7]
269 496 [5]
243 790 [4]
10 700 [4]
81 270 [9]
3 428 [2]
33 271 [7]
9 425 [6]
6 272 [3]
13 273 [2]
5 742 [9]
20 570 [3]
244 274 [0]
241 275 [8]
36 193 [3]
276 711 [6]
7 277 [4]
278 642 [9]
40 279 [8]
256 280 [1]
17 281 [9]
282 546 [4]
26 195 [8]
16 283 [3]
173 284 [2]
285 336 [0]
212 286 [3]
286 287 [0]
288 514 [4]
28 190 [2]
88 676 [4]
163 579 [7]
58 289 [5]
290 293 [0]
180 291 [6]
193 292 [9]
5 293 [2]
15 719 [9]
111 294 [9]
7 194 [5]
212 295 [6]
296 384 [5]
205 297 [2]
144 298 [6]
92 224 [2]
267 299 [2]
107 300 [6]
270 429 [8]
301 621 [8]
302 393 [0]
87 309 [2]
177 303 [5]
304 544 [1]
25 305 [3]
306 382 [0]
165 307 [8]
308 774 [9]
89 511 [8]
24 309 [8]
185 310 [0]
33 177 [9]
69 311 [3]
33 311 [3]
279 312 [5]
313 580 [5]
180 243 [0]
150 314 [2]
315 432 [5]
275 316 [2]
112 317 [7]
318 410 [9]
319 568 [4]
167 320 [5]
7 315 [6]
321 691 [7]
322 526 [3]
266 630 [3]
2 699 [7]
323 444 [4]
324 766 [8]
325 762 [1]
138 326 [9]
221 290 [8]
63 327 [3]
202 349 [4]
9 325 [8]
328 377 [1]
329 600 [1]
302 330 [1]
331 483 [0]
321 332 [0]
2 7 [2]
237 333 [4]
213 334 [4]
335 712 [4]
336 564 [9]
72 487 [4]
140 337 [7]
39 168 [3]
338 792 [6]
27 339 [7]
86 340 [9]
145 172 [7]
341 386 [4]
87 342 [9]
343 495 [8]
344 629 [8]
7 19 [2]
68 113 [7]
345 380 [4]
346 567 [3]
189 347 [4]
218 757 [1]
8 348 [8]
219 767 [8]
165 349 [5]
214 350 [4]
156 351 [3]
352 727 [1]
9 353 [6]
354 611 [2]
36 355 [9]
286 298 [0]
356 565 [6]
357 390 [4]
358 488 [4]
49 178 [4]
23 359 [8]
28 360 [5]
361 470 [0]
362 497 [2]
202 363 [1]
364 451 [5]
365 540 [6]
102 366 [5]
367 771 [6]
368 464 [9]
369 562 [0]
370 502 [1]
6 371 [1]
3 372 [7]
174 373 [5]
348 749 [1]
374 571 [3]
375 440 [7]
376 437 [2]
129 377 [7]
333 378 [0]
246 379 [2]
168 380 [9]
37 286 [6]
17 23 [7]
30 38 [0]
179 381 [7]
382 734 [9]
2 266 [9]
23 605 [9]
2 383 [2]
34 477 [6]
90 384 [9]
385 400 [4]
176 542 [4]
4 216 [1]
66 386 [9]
2 6 [2]
318 414 [9]
387 420 [1]
238 388 [7]
389 591 [1]
390 665 [1]
391 587 [1]
252 392 [5]
23 393 [2]
199 448 [4]
149 320 [6]
247 394 [7]
395 460 [2]
110 396 [7]
397 424 [7]
350 679 [3]
398 644 [3]
7 347 [1]
399 751 [4]
80 400 [9]
401 681 [4]
306 402 [1]
58 403 [9]
20 404 [8]
405 524 [4]
362 406 [4]
312 510 [9]
202 693 [2]
95 190 [2]
373 374 [0]
51 407 [7]
408 663 [3]
409 465 [3]
410 675 [4]
218 255 [7]
23 411 [3]
6 412 [9]
413 508 [7]
126 404 [6]
229 574 [4]
19 414 [8]
21 240 [7]
373 415 [4]
416 431 [0]
252 575 [1]
417 782 [1]
68 195 [6]
418 623 [1]
419 456 [3]
365 420 [6]
421 608 [1]
422 704 [8]
423 506 [9]
424 446 [0]
425 515 [0]
426 717 [2]
2 612 [6]
30 427 [5]
87 344 [9]
428 796 [4]
429 744 [0]
108 430 [9]
79 431 [9]
368 432 [5]
91 433 [6]
109 434 [7]
435 775 [1]
329 445 [3]
436 501 [1]
215 437 [9]
438 443 [0]
439 499 [1]
440 581 [4]
441 539 [4]
442 752 [8]
0 282 [2]
404 773 [1]
45 332 [8]
313 443 [3]
151 444 [5]
222 425 [7]
106 230 [4]
104 328 [4]
445 797 [8]
190 446 [9]
88 447 [5]
448 529 [0]
31 449 [8]
176 647 [9]
89 156 [8]
39 450 [6]
204 451 [1]
3 128 [2]
148 452 [4]
31 453 [9]
76 454 [7]
455 641 [6]
358 456 [1]
49 457 [5]
10 458 [8]
294 459 [4]
36 460 [4]
334 462 [1]
7 463 [5]
131 464 [3]
74 339 [7]
465 759 [0]
466 750 [2]
54 467 [9]
50 468 [8]
469 490 [0]
11 470 [7]
337 389 [0]
471 633 [2]
472 668 [8]
462 473 [0]
7 474 [7]
315 475 [4]
134 476 [7]
328 379 [3]
111 477 [5]
66 183 [2]
59 186 [9]
22 799 [7]
371 478 [8]
54 99 [2]
2 479 [7]
463 480 [0]
481 631 [9]
46 299 [3]
45 200 [8]
40 122 [4]
3 482 [8]
483 534 [0]
484 599 [2]
68 485 [1]
59 453 [1]
89 351 [8]
77 126 [1]
82 517 [8]
280 486 [4]
206 758 [3]
2 739 [9]
145 487 [2]
2 488 [3]
277 560 [8]
427 489 [9]
52 490 [6]
234 252 [0]
491 660 [0]
0 492 [2]
14 493 [5]
90 494 [3]
229 725 [2]
29 470 [0]
288 495 [1]
263 496 [2]
217 497 [4]
255 498 [7]
257 499 [4]
500 731 [4]
25 761 [9]
102 501 [6]
502 708 [8]
503 655 [1]
504 716 [3]
98 505 [9]
293 648 [5]
506 634 [8]
207 507 [2]
34 508 [6]
335 509 [4]
112 187 [5]
510 522 [0]
243 670 [5]
70 295 [5]
511 696 [2]
213 369 [1]
213 512 [4]
513 692 [4]
264 514 [4]
5 290 [2]
354 515 [1]
87 137 [3]
344 516 [2]
436 678 [2]
517 536 [0]
99 518 [7]
6 175 [5]
419 531 [0]
23 454 [6]
233 281 [7]
421 506 [1]
26 519 [9]
278 520 [3]
108 312 [9]
10 179 [8]
49 129 [3]
521 614 [2]
211 597 [8]
108 522 [6]
405 523 [4]
354 425 [0]
255 524 [4]
191 525 [7]
316 526 [3]
527 730 [0]
310 446 [1]
284 356 [2]
301 528 [4]
72 259 [5]
53 177 [9]
48 373 [6]
342 529 [1]
461 530 [6]
267 317 [8]
245 531 [7]
99 467 [9]
35 532 [5]
96 533 [5]
21 534 [1]
130 535 [5]
536 616 [3]
410 414 [0]
85 537 [7]
41 538 [5]
539 747 [4]
10 405 [3]
7 540 [4]
93 541 [5]
537 542 [0]
56 502 [5]
260 543 [7]
255 544 [8]
545 695 [2]
202 294 [6]
394 546 [4]
355 547 [1]
267 548 [9]
548 664 [3]
23 302 [2]
22 393 [2]
436 701 [3]
549 590 [0]
450 550 [1]
153 461 [7]
551 753 [8]
83 552 [5]
19 553 [3]
528 554 [0]
314 445 [1]
90 555 [9]
111 556 [5]
316 322 [0]
170 557 [4]
389 421 [0]
558 559 [0]
15 195 [2]
353 559 [1]
188 560 [7]
39 561 [6]
22 23 [0]
562 592 [8]
17 233 [2]
32 563 [6]
120 564 [6]
169 659 [7]
289 565 [6]
34 650 [5]
0 403 [6]
38 233 [8]
472 566 [2]
99 567 [9]
2 669 [7]
17 302 [2]
509 568 [0]
147 777 [4]
16 569 [5]
1 202 [2]
570 578 [0]
172 571 [4]
572 596 [0]
89 90 [0]
415 573 [4]
356 574 [9]
575 707 [9]
49 200 [8]
47 519 [6]
245 576 [7]
107 233 [8]
447 577 [4]
106 549 [7]
578 718 [4]
404 579 [1]
34 580 [6]
74 520 [7]
287 295 [3]
78 157 [4]
173 581 [1]
418 582 [8]
160 583 [8]
182 584 [3]
556 585 [2]
114 586 [1]
180 760 [5]
523 524 [0]
561 587 [0]
9 589 [5]
151 366 [7]
36 709 [7]
230 590 [8]
71 72 [0]
375 591 [4]
64 270 [9]
168 192 [0]
331 592 [8]
593 785 [8]
216 594 [5]
412 595 [2]
243 596 [3]
597 661 [8]
347 598 [8]
396 599 [4]
314 600 [1]
132 601 [7]
376 602 [0]
6 445 [9]
603 748 [8]
153 604 [7]
37 287 [6]
439 512 [0]
5 221 [2]
17 605 [9]
127 606 [1]
398 607 [3]
43 260 [8]
5 113 [9]
423 608 [9]
536 729 [8]
351 674 [9]
28 609 [9]
73 794 [4]
572 610 [4]
300 611 [1]
499 512 [0]
39 345 [9]
154 613 [9]
5 614 [6]
574 577 [0]
46 187 [6]
44 615 [6]
616 723 [0]
100 617 [7]
133 618 [6]
417 619 [1]
12 620 [3]
309 348 [2]
229 356 [1]
474 621 [3]
286 295 [3]
504 622 [3]
364 623 [7]
17 776 [6]
2 260 [1]
58 192 [6]
533 624 [4]
622 625 [0]
7 33 [0]
27 626 [7]
298 627 [4]
0 628 [3]
100 625 [7]
92 127 [3]
629 721 [3]
112 630 [1]
342 631 [2]
632 779 [6]
55 168 [6]
633 683 [0]
389 634 [3]
6 635 [7]
194 636 [8]
338 637 [3]
638 783 [0]
413 613 [7]
573 639 [8]
265 640 [5]
5 641 [7]
74 642 [1]
36 643 [5]
457 644 [6]
2 645 [6]
98 123 [8]
404 781 [1]
516 646 [5]
647 740 [0]
445 666 [8]
9 287 [8]
7 189 [8]
192 403 [1]
292 338 [2]
553 648 [0]
140 770 [1]
34 649 [5]
443 650 [2]
361 525 [8]
326 651 [1]
635 652 [0]
218 544 [1]
233 653 [7]
45 347 [4]
409 474 [0]
413 654 [2]
8 655 [3]
69 656 [7]
72 253 [4]
52 373 [9]
119 657 [2]
309 342 [8]
220 658 [7]
361 659 [0]
348 660 [1]
56 661 [9]
646 662 [0]
163 404 [3]
609 663 [0]
187 664 [4]
229 289 [1]
9 665 [9]
600 666 [8]
34 313 [8]
198 667 [7]
430 668 [8]
187 669 [1]
405 670 [1]
6 476 [4]
651 671 [0]
224 672 [4]
549 673 [0]
674 715 [0]
132 675 [7]
356 676 [3]
500 677 [2]
27 678 [9]
124 673 [9]
36 679 [4]
313 363 [4]
101 680 [6]
42 681 [4]
513 682 [2]
320 683 [1]
207 282 [4]
27 684 [7]
618 685 [2]
268 686 [7]
1 307 [1]
221 687 [4]
97 219 [5]
11 49 [1]
584 688 [4]
397 689 [1]
13 690 [7]
220 529 [1]
127 152 [0]
583 691 [1]
54 567 [6]
620 692 [9]
639 686 [0]
111 693 [1]
7 694 [5]
71 359 [6]
2 695 [9]
7 475 [7]
550 696 [3]
122 697 [5]
274 282 [0]
137 698 [1]
329 699 [8]
572 700 [8]
2 187 [2]
197 701 [4]
285 702 [7]
140 696 [1]
339 520 [3]
232 703 [4]
129 398 [1]
18 272 [2]
594 704 [6]
436 705 [3]
71 706 [5]
64 500 [6]
331 369 [3]
707 778 [9]
219 708 [2]
617 709 [3]
71 487 [4]
346 710 [3]
201 228 [6]
267 756 [5]
711 726 [9]
87 698 [2]
363 712 [6]
713 735 [0]
48 714 [3]
470 525 [8]
392 715 [1]
100 716 [7]
249 717 [5]
232 718 [5]
2 467 [3]
5 719 [9]
193 720 [7]
698 721 [8]
169 722 [9]
368 612 [4]
182 723 [4]
182 553 [9]
45 691 [9]
369 724 [3]
454 605 [3]
192 725 [8]
225 726 [2]
33 727 [5]
1 165 [1]
3 292 [3]
330 605 [6]
505 728 [0]
645 729 [0]
658 730 [1]
21 731 [7]
312 732 [7]
73 733 [9]
549 764 [8]
2 734 [5]
145 735 [7]
15 736 [7]
524 684 [4]
243 610 [5]
147 178 [8]
140 737 [1]
667 738 [2]
622 716 [2]
466 739 [1]
567 710 [2]
740 780 [4]
624 741 [0]
269 364 [6]
152 742 [4]
406 743 [7]
64 744 [5]
625 793 [3]
229 565 [4]
337 745 [3]
67 746 [2]
743 747 [0]
481 529 [3]
205 748 [6]
243 749 [7]
99 346 [1]
181 750 [7]
91 751 [7]
524 757 [2]
157 226 [4]
231 752 [5]
657 753 [6]
17 149 [1]
77 754 [4]
22 755 [9]
112 756 [1]
157 733 [8]
498 757 [2]
138 758 [4]
7 759 [1]
204 269 [7]
610 760 [9]
308 761 [8]
59 762 [2]
468 763 [1]
230 764 [3]
9 765 [9]
49 766 [5]
56 767 [5]
18 768 [4]
24 769 [1]
550 770 [3]
277 771 [6]
383 772 [1]
29 766 [9]
703 773 [0]
493 774 [8]
287 775 [5]
393 776 [4]
198 777 [4]
351 778 [2]
27 779 [1]
181 318 [6]
401 780 [4]
163 781 [7]
282 628 [7]
16 142 [2]
24 220 [9]
506 591 [0]
6 68 [6]
682 782 [3]
129 178 [6]
783 798 [0]
2 93 [2]
100 338 [4]
64 784 [9]
492 785 [4]
6 630 [4]
159 786 [7]
555 787 [8]
192 788 [2]
550 737 [8]
108 510 [6]
36 789 [7]
632 790 [3]
19 293 [2]
538 791 [0]
547 792 [2]
716 793 [8]
379 795 [9]
126 796 [5]
245 797 [7]
452 798 [3]
1 349 [6]
167 799 [1]
517 645 [8]
267 664 [6]
15 68 [2]
0 387 [8]
1 295 [8]
0 2 [4]
3 25 [1]
0 174 [1]
4 665 [6]
5 39 [4]
5 428 [8]
4 162 [1]
7 663 [7]
8 237 [8]
9 631 [4]
10 16 [0]
4 520 [9]
11 391 [3]
12 728 [9]
13 85 [2]
14 225 [3]
15 481 [9]
16 438 [3]
17 555 [6]
18 144 [8]
19 181 [1]
20 142 [2]
21 171 [0]
22 335 [2]
23 257 [8]
24 104 [9]
25 406 [8]
26 700 [4]
27 339 [7]
28 92 [8]
4 283 [8]
29 243 [4]
30 366 [5]
31 298 [2]
28 152 [2]
21 577 [1]
0 32 [5]
23 33 [2]
22 720 [9]
34 317 [6]
18 591 [3]
14 83 [0]
3 35 [2]
22 137 [2]
18 210 [2]
2 36 [1]
37 558 [4]
7 26 [8]
38 253 [4]
3 260 [1]
15 570 [3]
28 39 [1]
14 158 [3]
26 212 [3]
17 215 [7]
40 41 [0]
41 61 [7]
42 772 [1]
1 43 [1]
20 703 [7]
27 41 [2]
44 448 [9]
14 41 [2]
45 192 [6]
23 26 [1]
46 96 [0]
47 256 [5]
48 240 [8]
49 156 [8]
50 523 [3]
51 557 [7]
0 34 [4]
27 52 [8]
53 651 [7]
54 515 [6]
55 517 [9]
7 561 [5]
40 56 [4]
3 16 [5]
57 341 [3]
18 732 [3]
0 189 [1]
58 347 [5]
3 10 [5]
59 696 [2]
12 425 [3]
29 60 [5]
61 196 [2]
57 288 [3]
62 228 [9]
63 217 [8]
64 437 [5]
0 5 [4]
66 202 [8]
67 534 [4]
14 314 [5]
68 390 [5]
4 17 [7]
69 123 [6]
67 145 [0]
70 747 [7]
71 274 [9]
9 72 [3]
73 405 [9]
26 74 [8]
75 776 [7]
41 86 [2]
19 774 [5]
4 76 [2]
77 169 [3]
14 459 [4]
51 456 [7]
28 787 [9]
78 146 [8]
12 664 [6]
79 305 [3]
64 277 [5]
80 323 [7]
56 209 [3]
81 746 [4]
26 602 [6]
82 252 [7]
83 780 [5]
15 84 [1]
30 498 [9]
11 85 [2]
52 86 [2]
87 595 [7]
88 588 [2]
89 573 [9]
46 90 [8]
5 66 [1]
58 91 [2]
89 472 [6]
92 649 [4]
93 205 [4]
94 138 [0]
95 458 [8]
69 661 [7]
84 96 [8]
10 97 [2]
57 304 [5]
23 63 [1]
31 98 [1]
23 660 [7]
66 773 [5]
4 154 [8]
99 487 [4]
41 52 [2]
4 334 [3]
100 559 [4]
101 632 [3]
102 219 [9]
103 682 [5]
5 104 [8]
105 758 [1]
106 600 [7]
107 318 [6]
77 108 [0]
109 386 [7]
110 569 [8]
111 266 [7]
112 597 [7]
12 46 [2]
19 113 [6]
12 112 [8]
114 604 [4]
21 186 [9]
7 625 [5]
24 136 [8]
75 115 [4]
116 656 [7]
6 373 [4]
94 117 [9]
118 369 [7]
21 119 [9]
14 120 [8]
37 121 [5]
10 69 [2]
122 672 [7]
99 102 [0]
123 365 [4]
124 244 [9]
125 662 [4]
126 320 [6]
127 188 [3]
105 424 [7]
128 657 [1]
9 129 [3]
7 23 [2]
130 355 [5]
131 729 [5]
57 132 [3]
1 641 [7]
22 89 [1]
133 207 [5]
134 666 [7]
135 764 [9]
136 241 [3]
12 22 [5]
137 426 [7]
138 151 [6]
21 83 [5]
52 710 [6]
19 127 [2]
11 13 [0]
139 695 [1]
140 141 [0]
7 286 [9]
132 141 [0]
10 142 [2]
143 741 [4]
95 138 [8]
3 312 [2]
144 796 [4]
145 463 [9]
18 146 [1]
82 272 [4]
89 147 [2]
133 514 [9]
148 321 [5]
71 149 [8]
9 29 [7]
150 258 [1]
109 151 [0]
152 206 [7]
153 268 [6]
18 154 [8]
131 155 [0]
156 261 [5]
157 182 [7]
91 158 [3]
159 544 [7]
126 160 [5]
161 658 [2]
50 162 [2]
18 755 [9]
163 383 [3]
164 797 [7]
5 422 [3]
85 276 [4]
112 324 [4]
135 516 [9]
12 679 [7]
5 165 [1]
0 524 [8]
51 166 [8]
127 248 [9]
69 609 [7]
5 167 [2]
38 147 [8]
106 168 [9]
169 364 [3]
26 152 [8]
170 693 [2]
171 388 [4]
66 420 [5]
61 172 [8]
173 201 [0]
174 628 [9]
352 355 [0]
55 175 [3]
176 531 [1]
177 376 [9]
7 336 [3]
178 673 [9]
59 525 [7]
179 717 [7]
0 180 [1]
181 410 [6]
56 182 [2]
183 550 [9]
119 184 [0]
15 166 [1]
39 708 [5]
186 255 [7]
187 226 [6]
0 340 [8]
70 188 [3]
189 300 [3]
190 779 [1]
7 44 [2]
124 191 [9]
192 385 [1]
193 439 [9]
194 659 [8]
195 737 [1]
196 648 [6]
47 197 [2]
195 198 [0]
199 617 [7]
200 744 [1]
94 201 [5]
165 652 [5]
73 263 [5]
2 124 [1]
202 553 [9]
28 522 [3]
203 644 [1]
74 115 [1]
204 270 [8]
205 579 [6]
206 471 [1]
166 208 [8]
120 209 [6]
210 638 [1]
137 211 [4]
201 762 [2]
212 398 [1]
49 292 [6]
213 640 [1]
214 668 [2]
215 676 [3]
52 216 [2]
6 66 [8]
217 351 [7]
9 218 [3]
149 219 [9]
220 313 [3]
221 309 [1]
74 222 [3]
15 208 [2]
208 223 [0]
224 680 [1]
53 225 [3]
226 368 [6]
15 223 [2]
171 674 [7]
36 496 [9]
66 103 [7]
227 381 [9]
36 431 [9]
228 337 [5]
229 429 [4]
50 230 [9]
53 618 [5]
2 440 [2]
231 249 [0]
188 353 [5]
43 232 [8]
34 233 [3]
234 303 [5]
235 354 [5]
178 489 [4]
87 193 [6]
20 236 [9]
237 784 [1]
83 171 [5]
133 238 [6]
239 686 [5]
240 687 [8]
17 213 [3]
241 278 [8]
122 242 [6]
8 243 [1]
244 414 [5]
214 245 [6]
3 142 [2]
137 199 [3]
246 382 [2]
247 352 [4]
248 482 [3]
13 249 [2]
10 513 [3]
250 711 [4]
10 207 [9]
24 80 [0]
50 477 [3]
251 350 [5]
252 275 [7]
89 253 [5]
88 446 [7]
254 449 [5]
255 633 [2]
256 338 [3]
257 630 [1]
65 342 [2]
258 596 [7]
259 709 [6]
0 59 [2]
260 415 [6]
261 540 [2]
180 262 [6]
263 467 [0]
111 264 [3]
265 647 [1]
266 453 [0]
267 447 [2]
268 650 [1]
269 725 [1]
259 452 [8]
46 270 [7]
12 202 [2]
271 683 [3]
121 178 [6]
262 490 [7]
272 457 [1]
88 273 [6]
191 576 [4]
0 13 [5]
12 460 [4]
129 329 [7]
274 543 [4]
159 275 [5]
230 276 [6]
102 149 [1]
2 277 [9]
278 736 [2]
66 278 [5]
30 257 [3]
123 719 [4]
255 723 [8]
279 293 [3]
7 201 [3]
84 377 [6]
280 284 [0]
40 443 [3]
185 281 [0]
22 282 [2]
283 462 [1]
345 661 [3]
284 361 [2]
285 370 [9]
138 286 [6]
216 287 [8]
288 393 [0]
289 473 [3]
22 199 [2]
110 121 [0]
290 294 [0]
279 291 [0]
0 239 [1]
118 123 [0]
170 327 [9]
43 292 [9]
293 348 [6]
155 291 [6]
294 678 [5]
66 295 [3]
224 403 [4]
221 296 [8]
297 358 [0]
22 57 [2]
95 298 [2]
54 299 [8]
300 319 [0]
23 44 [5]
301 505 [2]
61 86 [2]
48 197 [4]
125 480 [3]
84 89 [0]
302 315 [0]
303 442 [8]
304 560 [4]
52 61 [4]
305 754 [2]
281 441 [2]
306 654 [9]
7 63 [2]
155 164 [0]
143 307 [3]
308 380 [1]
12 308 [7]
1 156 [2]
309 486 [3]
285 310 [4]
281 494 [1]
92 104 [0]
165 311 [3]
147 253 [1]
312 411 [9]
284 466 [9]
313 325 [0]
40 314 [3]
43 197 [8]
315 689 [1]
57 316 [9]
4 317 [3]
56 706 [9]
318 537 [4]
59 319 [5]
21 320 [9]
175 321 [5]
67 322 [7]
323 792 [8]
180 324 [5]
133 484 [7]
161 325 [7]
326 793 [8]
35 327 [5]
328 538 [3]
329 527 [1]
102 330 [7]
13 331 [9]
332 735 [7]
322 333 [1]
334 592 [1]
165 611 [5]
335 562 [4]
336 497 [4]
7 337 [7]
338 475 [3]
14 339 [7]
198 340 [9]
7 127 [6]
41 339 [9]
341 407 [7]
342 624 [4]
343 627 [8]
246 344 [7]
44 63 [1]
24 738 [1]
10 345 [9]
37 346 [2]
348 564 [9]
197 798 [7]
349 499 [2]
350 718 [2]
351 389 [4]
129 245 [6]
1 266 [6]
23 352 [6]
220 353 [9]
316 354 [4]
7 389 [7]
193 394 [6]
7 355 [7]
356 756 [5]
194 357 [4]
4 435 [3]
358 375 [0]
233 359 [6]
10 360 [4]
361 556 [8]
287 362 [7]
363 760 [8]
364 765 [4]
365 742 [3]
179 366 [1]
4 284 [8]
360 367 [0]
368 704 [2]
349 369 [0]
36 529 [5]
123 370 [5]
3 69 [2]
83 362 [7]
371 605 [9]
207 733 [2]
84 166 [1]
372 610 [3]
1 373 [9]
374 528 [1]
317 340 [0]
139 375 [7]
376 399 [9]
377 702 [1]
242 378 [4]
259 379 [6]
380 401 [5]
83 255 [5]
245 381 [9]
382 476 [0]
191 684 [7]
383 492 [0]
65 384 [3]
100 385 [4]
321 552 [7]
384 386 [0]
387 417 [0]
145 213 [7]
357 388 [0]
120 314 [9]
44 389 [6]
144 242 [6]
390 789 [8]
391 395 [9]
157 392 [3]
228 307 [8]
393 510 [9]
337 394 [4]
359 395 [5]
163 396 [6]
397 413 [0]
63 398 [9]
103 137 [8]
399 400 [0]
374 400 [4]
401 416 [4]
402 714 [7]
331 403 [9]
64 404 [8]
282 405 [7]
265 299 [7]
404 406 [0]
385 771 [3]
198 317 [9]
38 407 [9]
0 408 [9]
17 409 [6]
410 763 [1]
190 483 [7]
393 541 [9]
118 411 [9]
108 412 [9]
46 413 [3]
134 414 [6]
69 415 [3]
416 775 [0]
114 417 [5]
418 691 [1]
419 583 [8]
211 420 [5]
85 224 [6]
421 757 [3]
215 320 [2]
195 340 [9]
409 748 [3]
22 422 [3]
1 66 [4]
147 407 [5]
221 293 [8]
423 433 [0]
273 424 [9]
23 355 [6]
425 783 [8]
417 542 [4]
12 426 [6]
28 174 [4]
45 427 [5]
32 428 [8]
297 429 [2]
45 430 [9]
231 431 [5]
273 371 [4]
338 432 [1]
99 421 [5]
433 469 [7]
280 434 [4]
178 435 [6]
125 186 [3]
66 136 [5]
3 415 [2]
26 222 [3]
53 214 [3]
233 707 [4]
385 586 [3]
436 722 [1]
378 437 [2]
438 485 [2]
155 439 [9]
239 440 [6]
21 441 [4]
87 164 [6]
66 241 [9]
442 751 [6]
189 319 [3]
209 443 [8]
14 444 [5]
445 500 [0]
106 446 [9]
447 468 [0]
448 612 [2]
281 449 [4]
450 571 [2]
15 451 [8]
310 452 [8]
197 453 [7]
392 454 [0]
254 455 [4]
125 495 [4]
311 536 [4]
263 445 [2]
456 614 [2]
84 697 [9]
28 32 [0]
218 457 [2]
458 712 [1]
178 459 [7]
460 504 [0]
168 446 [5]
0 461 [9]
171 357 [4]
462 575 [3]
12 90 [1]
160 463 [1]
12 464 [3]
448 539 [1]
17 465 [7]
4 466 [8]
183 467 [9]
346 468 [2]
28 469 [6]
259 470 [6]
10 471 [3]
15 472 [3]
242 406 [5]
94 173 [5]
154 210 [5]
356 473 [3]
108 206 [5]
125 629 [1]
200 474 [7]
475 781 [3]
4 476 [7]
363 477 [2]
424 749 [2]
301 478 [4]
284 565 [1]
129 381 [7]
306 479 [5]
14 125 [9]
480 622 [4]
396 481 [2]
125 255 [5]
130 482 [6]
123 483 [4]
484 580 [2]
302 485 [1]
87 486 [4]
487 598 [8]
90 488 [6]
489 606 [0]
28 574 [9]
0 490 [3]
135 491 [0]
218 237 [0]
492 511 [0]
12 493 [3]
206 512 [2]
17 494 [3]
14 495 [4]
496 778 [3]
127 497 [7]
498 791 [8]
499 671 [2]
500 521 [0]
0 317 [8]
251 501 [3]
227 502 [7]
13 403 [9]
85 395 [3]
503 769 [8]
45 603 [9]
344 505 [1]
506 599 [4]
289 507 [3]
508 547 [0]
509 548 [3]
17 357 [3]
501 510 [0]
511 623 [7]
10 512 [6]
249 408 [7]
238 513 [7]
41 314 [3]
514 653 [8]
265 515 [2]
29 289 [0]
451 516 [1]
113 517 [8]
0 36 [4]
307 518 [4]
193 519 [9]
430 502 [2]
150 520 [5]
235 521 [5]
78 477 [5]
522 675 [1]
224 523 [5]
524 759 [8]
477 523 [0]
493 525 [0]
25 526 [6]
245 527 [5]
345 528 [1]
408 529 [3]
502 530 [0]
9 531 [5]
66 532 [6]
44 247 [8]
418 533 [4]
293 296 [0]
213 534 [2]
503 535 [0]
335 536 [7]
102 274 [9]
537 777 [8]
65 538 [9]
352 539 [1]
4 447 [2]
1 540 [5]
22 541 [3]
118 470 [1]
10 206 [9]
233 542 [5]
180 311 [6]
40 402 [8]
119 587 [4]
543 788 [2]
308 401 [1]
218 272 [5]
247 539 [9]
544 639 [8]
33 545 [5]
183 546 [5]
367 547 [8]
164 766 [7]
548 566 [0]
88 549 [7]
216 339 [7]
117 698 [4]
550 646 [8]
92 721 [7]
170 551 [4]
32 39 [0]
552 667 [0]
553 753 [1]
249 331 [7]
12 677 [9]
52 362 [9]
296 554 [5]
101 555 [8]
267 556 [8]
199 557 [7]
372 558 [3]
559 601 [0]
4 210 [2]
319 615 [4]
560 567 [0]
423 561 [7]
112 562 [4]
455 563 [8]
122 146 [0]
564 572 [0]
434 565 [2]
566 739 [6]
7 398 [7]
147 567 [5]
536 694 [1]
97 568 [7]
461 643 [6]
161 321 [4]
569 613 [8]
229 570 [9]
1 453 [6]
379 571 [6]
554 572 [3]
12 573 [9]
104 574 [1]
575 795 [9]
46 377 [5]
576 585 [0]
577 726 [9]
206 412 [2]
578 730 [1]
3 579 [9]
221 291 [6]
578 580 [0]
333 581 [2]
26 63 [7]
276 523 [2]
223 582 [1]
273 745 [7]
465 583 [3]
93 584 [5]
21 125 [3]
2 585 [9]
2 290 [1]
427 586 [0]
28 104 [8]
185 587 [8]
588 690 [0]
78 589 [4]
228 518 [4]
234 590 [5]
68 591 [5]
176 592 [4]
593 692 [8]
332 594 [4]
518 595 [8]
49 596 [3]
597 621 [3]
53 227 [9]
584 598 [0]
94 599 [5]
371 600 [3]
6 601 [7]
30 602 [6]
385 603 [8]
146 634 [4]
604 607 [0]
105 605 [1]
269 606 [4]
193 364 [6]
13 607 [6]
533 608 [0]
594 609 [0]
184 610 [4]
270 716 [2]
22 611 [9]
247 612 [4]
125 613 [5]
491 614 [3]
493 615 [2]
270 608 [1]
250 616 [1]
73 617 [5]
430 618 [4]
404 619 [4]
78 620 [7]
36 146 [3]
311 621 [2]
459 495 [0]
21 622 [4]
582 623 [3]
155 624 [5]
1 401 [8]
535 625 [2]
593 626 [0]
385 559 [2]
4 627 [7]
191 628 [7]
36 750 [5]
30 222 [3]
121 629 [8]
24 92 [9]
474 630 [2]
507 631 [6]
362 632 [2]
14 633 [4]
249 634 [4]
635 761 [2]
76 636 [1]
470 637 [9]
17 638 [7]
79 639 [9]
563 640 [0]
371 424 [8]
387 604 [4]
641 669 [0]
642 794 [5]
0 28 [5]
319 643 [1]
83 633 [4]
140 644 [7]
421 645 [8]
22 646 [7]
180 490 [5]
608 647 [0]
402 648 [9]
80 649 [1]
574 787 [0]
545 650 [2]
21 480 [7]
530 651 [3]
262 652 [4]
10 653 [9]
654 734 [0]
78 523 [5]
655 782 [8]
66 740 [3]
90 199 [8]
482 715 [4]
479 656 [6]
12 199 [2]
127 657 [1]
148 658 [7]
17 659 [7]
130 660 [7]
568 661 [2]
147 429 [4]
444 662 [2]
37 372 [1]
128 663 [7]
112 180 [6]
461 664 [3]
434 665 [8]
117 666 [7]
161 667 [2]
129 668 [2]
105 371 [2]
9 176 [3]
343 669 [8]
123 571 [4]
655 670 [0]
238 671 [1]
36 672 [5]
81 673 [9]
419 674 [2]
437 619 [0]
645 675 [0]
581 676 [2]
5 24 [8]
416 679 [3]
553 677 [2]
678 770 [3]
185 468 [4]
1 679 [7]
35 303 [7]
284 434 [4]
589 680 [6]
48 681 [3]
536 655 [1]
532 601 [2]
464 682 [2]
60 683 [5]
124 576 [7]
117 134 [0]
506 684 [1]
247 448 [4]
519 685 [8]
174 686 [9]
107 687 [4]
642 688 [3]
551 689 [3]
690 699 [0]
691 752 [2]
290 616 [4]
232 692 [5]
590 693 [3]
670 694 [0]
203 695 [2]
308 696 [9]
413 697 [1]
384 538 [3]
387 542 [4]
123 260 [6]
414 698 [1]
155 743 [9]
32 768 [5]
699 705 [9]
412 700 [3]
259 310 [0]
51 492 [3]
164 701 [4]
87 296 [6]
397 702 [4]
3 703 [5]
18 76 [2]
626 704 [6]
168 705 [2]
14 706 [7]
387 707 [1]
167 708 [4]
118 709 [1]
172 710 [7]
290 711 [7]
224 276 [1]
236 712 [3]
265 713 [2]
688 714 [0]
19 715 [3]
713 716 [0]
28 708 [5]
115 717 [5]
436 718 [1]
637 719 [0]
102 543 [5]
265 270 [0]
38 720 [5]
323 721 [1]
546 722 [2]
4 72 [1]
250 290 [6]
21 723 [2]
187 724 [4]
509 725 [6]
66 373 [5]
110 726 [2]
10 661 [9]
308 679 [9]
549 727 [6]
299 728 [4]
423 469 [7]
98 729 [9]
7 469 [5]
401 696 [2]
42 730 [4]
12 731 [3]
2 64 [1]
636 732 [3]
238 733 [4]
53 734 [4]
177 735 [5]
12 562 [6]
736 799 [0]
1 737 [7]
10 733 [6]
66 738 [9]
478 739 [1]
731 740 [0]
161 552 [2]
62 741 [5]
190 742 [7]
65 743 [8]
30 744 [5]
446 745 [2]
30 474 [9]
121 746 [8]
220 747 [4]
56 748 [5]
4 749 [5]
378 750 [3]
35 751 [4]
204 752 [8]
60 271 [9]
103 753 [9]
45 754 [4]
4 755 [9]
94 684 [7]
286 625 [5]
756 767 [0]
93 757 [4]
72 758 [7]
165 759 [4]
620 760 [9]
727 761 [0]
28 762 [5]
153 763 [4]
685 765 [3]
127 482 [5]
11 395 [8]
291 766 [1]
271 767 [6]
5 768 [4]
173 769 [4]
526 770 [3]
771 785 [0]
508 772 [2]
22 773 [7]
255 790 [8]
23 774 [5]
165 335 [8]
1 775 [3]
74 776 [7]
185 284 [1]
417 604 [4]
143 518 [2]
190 470 [4]
724 777 [0]
146 778 [4]
450 779 [3]
17 780 [3]
2 239 [1]
781 786 [0]
562 782 [3]
107 537 [5]
488 783 [8]
82 784 [3]
28 206 [9]
139 147 [3]
532 785 [2]
681 786 [3]
167 787 [4]
99 788 [5]
14 789 [4]
63 212 [3]
127 128 [0]
353 747 [4]
21 790 [2]
227 245 [8]
473 767 [3]
222 791 [2]
17 194 [3]
7 212 [3]
330 792 [0]
291 793 [2]
409 794 [3]
490 759 [8]
554 564 [0]
635 795 [3]
127 663 [7]
428 768 [2]
302 693 [2]
439 458 [7]
1 340 [8]
24 796 [1]
326 797 [2]
432 798 [1]
427 799 [6]
0 38 [4]
1 37 [2]
2 785 [6]
3 580 [8]
3 321 [2]
4 447 [2]
5 366 [9]
0 3 [4]
6 124 [9]
7 459 [4]
8 781 [7]
9 486 [9]
10 352 [6]
11 75 [2]
8 172 [2]
4 266 [9]
12 481 [9]
13 619 [9]
7 227 [9]
6 725 [1]
0 465 [7]
14 290 [9]
15 108 [1]
2 401 [8]
4 332 [2]
16 237 [8]
17 195 [2]
18 666 [7]
19 23 [0]
13 616 [7]
17 301 [3]
20 196 [1]
21 424 [7]
22 421 [6]
14 77 [8]
10 541 [3]
23 91 [2]
6 113 [7]
10 178 [1]
24 349 [1]
25 354 [6]
13 503 [6]
26 328 [9]
12 498 [3]
27 492 [3]
28 735 [6]
29 147 [4]
30 340 [6]
31 746 [4]
32 123 [2]
33 69 [6]
34 296 [8]
35 515 [5]
36 461 [5]
37 310 [4]
38 757 [5]
3 39 [5]
40 229 [8]
27 314 [5]
41 782 [9]
42 564 [7]
6 760 [7]
43 264 [6]
7 165 [8]
32 44 [7]
35 145 [3]
45 675 [5]
46 58 [8]
47 52 [0]
48 153 [4]
12 388 [3]
49 63 [0]
50 176 [8]
1 51 [1]
4 26 [1]
7 88 [3]
52 379 [5]
53 742 [7]
54 221 [2]
55 141 [8]
3 44 [5]
56 416 [9]
57 633 [4]
48 607 [3]
10 674 [3]
58 658 [3]
59 671 [4]
60 169 [7]
61 547 [6]
35 62 [0]
63 480 [3]
10 38 [1]
64 197 [2]
1 792 [5]
4 194 [3]
65 544 [9]
50 61 [0]
66 159 [2]
4 499 [3]
2 80 [8]
67 175 [9]
17 25 [1]
68 569 [1]
47 219 [6]
50 64 [0]
68 306 [4]
62 383 [3]
1 717 [3]
69 344 [5]
6 47 [8]
70 467 [7]
71 86 [0]
72 73 [0]
73 799 [7]
12 743 [3]
15 400 [8]
74 353 [3]
75 346 [1]
7 142 [6]
76 457 [1]
77 248 [8]
7 205 [7]
12 78 [2]
79 103 [0]
6 80 [5]
81 378 [9]
82 224 [4]
28 576 [9]
83 122 [8]
84 107 [2]
85 495 [4]
86 275 [5]
87 211 [1]
70 128 [0]
62 101 [4]
3 626 [6]
6 638 [4]
88 177 [6]
89 625 [6]
90 208 [2]
91 255 [5]
92 715 [9]
61 93 [8]
19 129 [8]
19 94 [2]
95 732 [6]
96 709 [4]
47 58 [0]
8 184 [8]
97 609 [7]
98 294 [2]
4 99 [1]
100 140 [8]
76 242 [3]
101 605 [6]
4 691 [3]
53 102 [8]
103 230 [5]
104 285 [5]
105 600 [4]
22 121 [8]
66 151 [2]
106 494 [5]
41 697 [9]
8 25 [1]
107 734 [7]
51 85 [0]
108 484 [7]
13 109 [2]
110 203 [0]
111 376 [5]
9 112 [3]
44 380 [8]
113 271 [0]
42 114 [0]
34 115 [8]
116 295 [3]
117 790 [7]
118 719 [4]
17 66 [1]
115 119 [5]
120 162 [0]
121 764 [2]
65 122 [7]
123 250 [3]
124 663 [5]
125 199 [6]
16 581 [9]
126 451 [6]
64 226 [2]
32 127 [2]
42 72 [6]
128 513 [5]
129 214 [9]
130 761 [9]
81 131 [2]
132 182 [9]
8 133 [1]
134 713 [9]
135 528 [2]
8 19 [0]
33 259 [7]
136 614 [3]
96 137 [0]
0 138 [2]
139 348 [9]
0 140 [2]
141 238 [5]
57 142 [0]
57 72 [9]
3 767 [5]
143 797 [2]
144 384 [4]
145 491 [1]
146 274 [9]
1 147 [1]
23 148 [8]
149 426 [5]
150 729 [3]
20 718 [6]
114 155 [6]
151 590 [5]
152 444 [5]
18 141 [2]
87 153 [3]
0 583 [3]
57 202 [3]
98 154 [3]
129 304 [9]
155 333 [5]
156 207 [4]
157 428 [1]
158 249 [6]
159 166 [2]
68 160 [7]
17 161 [9]
162 409 [5]
163 396 [6]
35 615 [7]
164 267 [4]
4 394 [2]
165 420 [7]
163 166 [0]
167 667 [7]
168 395 [9]
169 612 [5]
170 653 [1]
75 343 [5]
18 159 [1]
40 670 [6]
146 171 [6]
6 70 [0]
172 244 [6]
173 179 [0]
74 374 [7]
23 28 [5]
174 236 [5]
175 371 [2]
6 176 [3]
160 177 [5]
138 178 [8]
179 287 [6]
50 180 [2]
174 181 [0]
93 182 [9]
6 58 [8]
183 382 [7]
184 326 [7]
25 185 [5]
57 452 [7]
44 186 [3]
25 111 [8]
187 570 [9]
188 325 [6]
189 680 [4]
4 190 [1]
7 191 [6]
64 192 [6]
6 193 [9]
194 784 [1]
195 649 [4]
183 196 [0]
197 232 [9]
28 198 [8]
6 212 [5]
68 596 [5]
199 327 [9]
200 645 [4]
201 540 [1]
202 705 [4]
2 203 [8]
13 204 [7]
205 637 [6]
201 302 [5]
7 206 [7]
137 207 [7]
84 361 [5]
94 208 [9]
209 450 [4]
210 390 [7]
18 211 [9]
212 693 [8]
213 639 [1]
28 214 [8]
215 726 [0]
216 783 [7]
11 217 [8]
218 778 [2]
181 219 [9]
68 202 [6]
0 110 [8]
220 258 [0]
221 432 [6]
116 222 [3]
178 283 [6]
64 136 [4]
68 223 [9]
224 776 [7]
29 225 [2]
3 68 [1]
189 226 [0]
227 723 [4]
228 245 [0]
187 229 [0]
215 230 [6]
231 463 [6]
125 232 [0]
73 233 [8]
234 408 [7]
60 403 [9]
235 364 [6]
21 236 [1]
57 554 [5]
112 144 [0]
237 642 [2]
225 238 [0]
173 239 [6]
240 623 [4]
164 611 [7]
241 525 [2]
242 262 [0]
243 454 [5]
244 694 [7]
109 204 [4]
193 245 [0]
246 410 [5]
217 247 [0]
248 292 [5]
249 752 [5]
250 510 [5]
204 763 [8]
68 241 [5]
141 574 [4]
57 438 [5]
57 114 [5]
135 251 [4]
252 549 [5]
249 273 [0]
253 542 [3]
127 527 [7]
4 139 [8]
0 254 [2]
70 253 [1]
102 255 [9]
47 240 [3]
256 684 [8]
7 152 [6]
157 204 [0]
6 140 [6]
257 313 [3]
258 650 [2]
259 706 [8]
79 230 [5]
73 260 [8]
261 509 [4]
56 262 [3]
263 716 [2]
59 264 [5]
265 427 [8]
17 266 [9]
107 267 [4]
27 80 [5]
180 268 [6]
269 661 [7]
61 176 [3]
84 589 [9]
78 190 [9]
270 425 [2]
1 151 [1]
27 271 [7]
272 546 [4]
273 698 [4]
223 269 [2]
30 553 [6]
274 585 [4]
165 363 [7]
24 275 [1]
276 602 [2]
277 506 [2]
130 260 [8]
278 474 [3]
23 417 [8]
188 629 [2]
279 370 [0]
72 233 [8]
144 280 [9]
147 151 [0]
109 184 [3]
254 282 [3]
283 512 [4]
32 48 [5]
108 795 [7]
6 27 [0]
284 322 [7]
31 285 [8]
286 331 [7]
226 232 [0]
182 641 [4]
67 287 [6]
288 786 [1]
78 194 [5]
289 692 [3]
112 290 [6]
204 291 [1]
2 30 [1]
268 292 [9]
293 665 [5]
294 446 [5]
295 696 [2]
150 296 [7]
297 357 [0]
252 298 [1]
299 578 [9]
221 273 [0]
201 566 [1]
17 300 [8]
301 407 [1]
216 302 [6]
8 303 [6]
13 193 [2]
23 304 [8]
134 171 [6]
58 96 [8]
151 360 [1]
41 305 [8]
156 644 [7]
74 306 [4]
6 56 [8]
45 727 [9]
307 347 [4]
171 737 [2]
12 308 [7]
90 309 [4]
30 310 [5]
46 162 [8]
305 311 [0]
312 335 [0]
313 391 [5]
56 242 [3]
283 647 [7]
314 418 [0]
313 789 [4]
23 134 [1]
55 66 [7]
6 84 [8]
315 464 [9]
227 362 [7]
60 316 [6]
4 17 [4]
134 317 [9]
93 779 [1]
318 571 [1]
101 365 [2]
111 185 [7]
319 724 [1]
63 545 [3]
4 118 [2]
320 367 [2]
82 321 [1]
33 322 [5]
323 466 [4]
111 324 [5]
286 325 [3]
13 326 [3]
327 656 [1]
328 337 [0]
10 283 [3]
329 636 [3]
256 330 [6]
167 331 [4]
22 332 [2]
62 333 [7]
323 334 [0]
15 335 [8]
62 155 [9]
55 669 [7]
40 336 [8]
280 337 [4]
209 338 [1]
175 295 [0]
16 47 [1]
339 703 [6]
251 340 [5]
109 341 [6]
261 342 [9]
36 343 [6]
144 520 [1]
17 151 [2]
69 284 [3]
154 344 [7]
51 345 [7]
0 10 [4]
346 434 [3]
269 347 [4]
303 348 [4]
269 307 [0]
349 771 [3]
184 351 [9]
118 350 [7]
23 470 [7]
341 351 [0]
220 352 [4]
318 353 [0]
212 575 [2]
354 442 [2]
162 355 [5]
356 640 [3]
109 326 [5]
357 745 [8]
19 551 [6]
172 358 [9]
16 359 [8]
360 500 [3]
23 274 [2]
299 361 [1]
62 362 [7]
363 521 [8]
364 750 [1]
365 398 [0]
135 476 [1]
97 366 [7]
293 433 [6]
138 367 [1]
313 730 [7]
206 368 [4]
369 770 [6]
370 413 [0]
88 202 [5]
222 371 [2]
372 552 [8]
7 559 [7]
21 373 [1]
64 93 [8]
257 355 [4]
0 203 [8]
374 704 [9]
126 375 [9]
324 350 [0]
376 679 [8]
329 377 [0]
126 385 [5]
7 82 [4]
378 462 [8]
92 379 [1]
231 380 [6]
46 381 [5]
382 572 [2]
72 383 [6]
367 556 [8]
384 749 [3]
48 385 [6]
0 386 [6]
387 648 [7]
316 388 [0]
49 389 [9]
390 597 [1]
4 78 [2]
381 391 [0]
177 392 [5]
43 393 [6]
148 443 [9]
394 504 [2]
395 402 [0]
396 534 [2]
391 740 [6]
317 397 [7]
398 526 [2]
374 686 [8]
399 632 [4]
56 356 [5]
127 400 [3]
401 538 [2]
139 402 [5]
78 403 [7]
106 404 [3]
154 217 [5]
405 458 [7]
198 406 [3]
134 397 [6]
291 407 [4]
268 621 [1]
203 502 [1]
336 408 [1]
409 662 [3]
14 410 [3]
411 455 [2]
198 412 [7]
413 741 [4]
39 414 [8]
192 415 [9]
25 768 [4]
2 416 [3]
417 794 [2]
42 787 [1]
4 603 [3]
282 418 [9]
10 419 [9]
421 490 [1]
27 203 [5]
96 422 [5]
359 423 [7]
13 424 [3]
136 425 [8]
397 426 [4]
74 427 [7]
13 428 [8]
162 529 [5]
290 687 [4]
406 429 [1]
430 479 [8]
431 460 [3]
418 617 [1]
19 432 [8]
433 475 [4]
45 434 [9]
124 477 [6]
191 435 [9]
352 599 [1]
57 436 [7]
166 297 [6]
191 427 [4]
7 437 [7]
7 438 [5]
172 188 [0]
439 560 [1]
440 533 [9]
277 441 [2]
122 210 [9]
442 701 [6]
443 748 [2]
342 444 [7]
17 720 [9]
270 445 [2]
5 446 [3]
168 447 [9]
438 537 [4]
6 448 [7]
210 449 [0]
133 450 [9]
32 451 [8]
295 380 [0]
233 452 [5]
7 453 [7]
56 454 [9]
0 455 [6]
456 676 [8]
64 232 [2]
457 712 [9]
214 304 [0]
32 584 [3]
80 458 [9]
3 721 [3]
62 459 [4]
419 461 [0]
101 591 [2]
6 462 [7]
463 522 [0]
19 464 [3]
151 762 [1]
84 465 [5]
466 766 [2]
84 299 [8]
467 536 [0]
440 468 [0]
399 469 [7]
80 271 [1]
274 496 [7]
281 470 [6]
471 478 [0]
5 472 [3]
386 430 [1]
473 568 [0]
201 482 [7]
63 422 [3]
474 514 [0]
475 507 [0]
186 476 [2]
477 539 [0]
519 617 [2]
415 478 [9]
0 479 [7]
221 501 [6]
156 480 [5]
481 565 [0]
17 482 [3]
23 483 [9]
177 202 [9]
48 484 [5]
485 678 [8]
309 486 [3]
17 487 [4]
312 488 [7]
23 489 [7]
490 683 [2]
205 374 [0]
117 491 [7]
47 96 [2]
240 577 [2]
110 492 [0]
472 493 [0]
397 417 [0]
76 494 [5]
157 495 [9]
412 496 [0]
19 249 [1]
497 682 [3]
26 498 [6]
499 592 [2]
161 500 [2]
247 446 [9]
444 744 [2]
464 501 [9]
80 502 [1]
98 247 [8]
198 651 [4]
0 6 [1]
503 598 [1]
109 351 [6]
350 499 [2]
25 504 [4]
5 505 [9]
148 506 [7]
507 543 [0]
497 509 [0]
213 510 [0]
369 511 [4]
512 695 [8]
212 237 [0]
387 513 [0]
514 657 [3]
152 321 [3]
445 515 [1]
136 192 [8]
356 516 [5]
517 796 [8]
518 660 [0]
80 203 [0]
6 95 [8]
6 519 [9]
14 520 [7]
439 521 [0]
125 672 [7]
67 522 [9]
254 418 [9]
260 523 [3]
19 315 [2]
6 524 [5]
223 525 [5]
3 241 [3]
29 87 [2]
495 654 [5]
209 490 [0]
114 526 [7]
108 527 [5]
71 528 [6]
58 529 [9]
437 530 [6]
293 531 [7]
532 550 [0]
111 504 [1]
122 390 [9]
3 533 [8]
384 736 [3]
534 586 [0]
66 756 [5]
68 535 [7]
148 441 [7]
367 479 [0]
20 536 [6]
227 537 [5]
393 538 [1]
56 539 [3]
66 540 [5]
284 541 [7]
134 417 [6]
26 606 [4]
542 622 [1]
65 543 [3]
544 635 [3]
545 714 [4]
489 546 [6]
524 547 [0]
105 548 [1]
3 549 [3]
218 550 [0]
188 551 [4]
28 470 [7]
22 209 [8]
85 552 [0]
373 553 [2]
5 567 [6]
57 787 [4]
6 271 [7]
523 554 [7]
247 555 [7]
339 421 [8]
556 739 [1]
557 655 [9]
227 438 [3]
352 700 [3]
88 374 [1]
558 754 [6]
57 559 [7]
234 560 [5]
93 192 [5]
561 643 [8]
239 562 [5]
4 563 [6]
57 564 [5]
6 458 [3]
234 565 [7]
300 566 [1]
90 337 [9]
567 677 [8]
156 775 [7]
12 99 [1]
143 568 [4]
569 582 [0]
27 110 [5]
128 253 [1]
99 570 [6]
279 571 [1]
66 141 [8]
404 572 [9]
430 573 [2]
68 177 [0]
574 731 [2]
47 664 [9]
227 459 [4]
170 575 [2]
281 576 [3]
111 753 [7]
58 162 [0]
269 525 [5]
215 577 [9]
64 610 [6]
519 578 [0]
54 579 [5]
341 601 [4]
98 780 [9]
488 580 [0]
79 581 [5]
411 582 [8]
448 583 [8]
126 584 [6]
198 585 [4]
223 241 [5]
289 586 [6]
158 587 [4]
449 588 [2]
254 589 [4]
29 590 [3]
232 268 [6]
114 591 [0]
324 592 [0]
471 593 [1]
12 594 [6]
14 595 [0]
392 596 [1]
495 773 [1]
561 597 [0]
483 598 [1]
422 545 [0]
136 270 [3]
7 374 [7]
0 599 [8]
240 600 [0]
354 601 [2]
60 190 [2]
151 161 [7]
78 602 [5]
603 681 [0]
25 421 [9]
85 604 [7]
6 405 [0]
469 577 [2]
2 196 [0]
42 605 [1]
12 606 [7]
375 607 [1]
178 352 [9]
532 608 [0]
511 609 [4]
247 294 [0]
557 610 [0]
147 590 [5]
6 611 [4]
190 612 [5]
60 78 [0]
74 265 [0]
355 613 [0]
557 614 [0]
64 615 [6]
288 616 [1]
84 617 [6]
613 618 [0]
12 377 [3]
334 619 [2]
146 412 [9]
531 620 [8]
144 621 [2]
128 622 [7]
7 57 [0]
79 623 [9]
473 624 [0]
201 625 [4]
152 626 [0]
185 627 [6]
12 26 [0]
278 628 [0]
358 629 [8]
630 659 [9]
389 631 [3]
47 632 [9]
131 633 [7]
634 690 [5]
162 618 [6]
562 635 [2]
594 636 [6]
637 738 [0]
83 390 [0]
100 638 [4]
620 639 [0]
243 640 [5]
88 559 [4]
57 641 [1]
513 539 [0]
170 642 [2]
372 456 [3]
83 643 [7]
422 644 [1]
83 597 [0]
54 249 [0]
535 645 [8]
593 646 [3]
114 537 [4]
320 647 [0]
258 599 [0]
56 648 [6]
89 649 [5]
3 186 [8]
186 650 [2]
249 315 [0]
651 652 [0]
85 372 [0]
3 599 [8]
4 22 [0]
443 652 [0]
42 591 [0]
47 379 [0]
548 653 [0]
171 249 [0]
372 654 [9]
655 722 [0]
377 656 [0]
228 657 [4]
13 658 [3]
89 659 [0]
186 660 [2]
241 661 [8]
21 264 [0]
257 662 [2]
162 381 [6]
44 295 [0]
108 335 [0]
600 623 [0]
610 614 [0]
95 663 [9]
4 357 [3]
664 774 [0]
665 772 [0]
55 666 [0]
104 667 [0]
311 668 [1]
54 273 [0]
159 669 [7]
563 670 [0]
21 671 [0]
230 623 [0]
672 685 [0]
151 574 [7]
25 394 [0]
673 699 [3]
18 55 [0]
493 674 [0]
431 675 [0]
412 708 [8]
604 676 [0]
677 751 [0]
18 678 [3]
6 664 [0]
508 679 [8]
368 680 [1]
681 688 [0]
22 338 [0]
435 682 [2]
25 683 [5]
608 684 [0]
26 685 [5]
68 686 [0]
321 626 [0]
84 164 [0]
144 687 [2]
198 684 [7]
39 44 [0]
688 759 [3]
218 608 [0]
485 689 [9]
412 690 [8]
297 691 [0]
468 692 [0]
263 693 [3]
388 777 [2]
188 694 [7]
386 695 [0]
414 696 [2]
697 788 [0]
116 175 [0]
6 547 [5]
315 698 [1]
162 699 [0]
121 209 [0]
66 574 [5]
700 733 [3]
341 701 [2]
90 280 [0]
456 702 [0]
204 765 [0]
627 703 [0]
107 164 [0]
627 679 [0]
160 704 [6]
200 705 [0]
5 38 [0]
0 448 [6]
75 706 [0]
453 707 [0]
171 708 [0]
125 377 [0]
709 755 [0]
4 710 [3]
120 711 [0]
2 712 [9]
272 713 [0]
96 714 [0]
631 715 [8]
314 617 [0]
170 716 [0]
702 717 [0]
112 687 [2]
253 718 [3]
339 719 [0]
630 720 [0]
518 721 [8]
30 373 [5]
722 747 [0]
114 723 [0]
66 724 [5]
235 725 [0]
47 79 [7]
200 535 [0]
469 726 [8]
235 359 [0]
318 342 [0]
282 314 [0]
517 727 [0]
272 489 [1]
0 728 [0]
451 584 [0]
2 729 [6]
162 730 [5]
543 665 [0]
319 731 [0]
4 421 [6]
70 732 [0]
138 733 [0]
6 734 [0]
330 735 [8]
595 736 [0]
634 737 [0]
44 696 [0]
265 738 [0]
573 739 [0]
673 740 [0]
298 741 [0]
462 633 [0]
628 742 [0]
710 743 [0]
191 744 [0]
707 745 [0]
13 746 [0]
646 747 [8]
84 578 [3]
4 60 [0]
429 748 [0]
156 793 [0]
41 769 [9]
246 749 [0]
55 159 [0]
423 750 [0]
247 751 [0]
579 752 [8]
350 753 [0]
624 754 [0]
127 484 [0]
711 755 [0]
108 580 [0]
719 758 [0]
482 756 [0]
505 757 [0]
4 758 [0]
229 759 [1]
516 760 [8]
436 761 [0]
161 762 [0]
372 763 [9]
764 798 [0]
25 765 [0]
345 766 [0]
307 767 [0]
351 768 [2]
134 769 [5]
555 770 [0]
119 771 [0]
159 666 [0]
588 772 [9]
204 773 [0]
235 774 [0]
577 726 [0]
137 775 [0]
530 776 [0]
78 777 [0]
399 577 [0]
114 438 [0]
570 681 [0]
3 661 [0]
8 208 [0]
587 778 [3]
78 388 [0]
249 579 [0]
270 779 [0]
230 726 [0]
56 387 [0]
472 780 [0]
26 781 [0]
257 409 [0]
171 782 [0]
487 783 [0]
276 784 [0]
728 785 [0]
786 791 [0]
130 787 [0]
149 788 [0]
293 463 [0]
618 789 [2]
258 352 [0]
558 790 [0]
41 791 [0]
161 792 [0]
204 372 [9]
76 196 [0]
96 793 [0]
668 794 [0]
689 795 [0]
259 796 [0]
68 74 [0]
132 797 [0]
338 798 [0]
130 799 [0]
