# cathegory: solved
# problem: no problem
# numcrossings:320
50
3
0
6
5
4
1
7
10
8
21
20
17
37
25
32
29
33
35
34
36
42
48
28
22
18
45
11
31
27
13
3
2
44
47
49
43
38
15
14
12
39
19
16
23
9
40
24
26
30
41
46
10 19 [1]
12 34 [1]
39 47 [2]
0 12 [2]
7 24 [1]
2 13 [1]
11 36 [1]
28 48 [0]
3 44 [2]
18 22 [0]
18 48 [1]
6 42 [2]
1 20 [2]
38 43 [0]
33 46 [2]
29 33 [0]
10 37 [1]
5 24 [1]
20 34 [2]
20 25 [2]
21 25 [1]
9 33 [1]
23 40 [2]
0 6 [0]
31 44 [1]
7 20 [2]
3 31 [2]
2 31 [1]
27 47 [2]
2 44 [0]
20 21 [0]
35 46 [2]
20 32 [2]
4 34 [2]
1 5 [1]
5 42 [2]
14 33 [1]
10 20 [2]
20 37 [1]
6 12 [2]
26 30 [0]
38 49 [1]
30 43 [2]
27 34 [1]
26 35 [1]
23 33 [1]
7 17 [2]
14 19 [1]
34 36 [0]
8 32 [1]
7 37 [1]
6 19 [2]
0 22 [2]
6 22 [2]
29 35 [2]
16 33 [1]
26 46 [1]
10 32 [1]
10 25 [1]
16 32 [1]
22 45 [2]
19 24 [2]
42 48 [0]
0 45 [2]
14 40 [2]
6 14 [2]
9 14 [1]
22 42 [2]
15 33 [1]
28 42 [2]
34 35 [0]
7 10 [0]
15 43 [2]
15 46 [2]
12 14 [0]
5 20 [2]
13 27 [0]
5 28 [2]
27 31 [0]
5 11 [2]
4 5 [0]
10 24 [1]
29 46 [1]
29 32 [0]
34 47 [1]
16 23 [0]
12 43 [2]
5 36 [2]
18 36 [1]
13 31 [2]
21 32 [1]
17 37 [0]
20 35 [2]
18 45 [0]
18 28 [1]
11 34 [1]
13 47 [2]
3 13 [0]
3 47 [2]
25 32 [0]
16 29 [1]
3 35 [1]
4 20 [2]
5 6 [0]
5 34 [2]
8 10 [0]
32 35 [2]
8 25 [1]
12 38 [2]
14 23 [1]
0 36 [2]
12 47 [2]
12 15 [0]
12 39 [0]
19 23 [2]
16 19 [0]
9 40 [0]
43 47 [2]
43 49 [0]
41 47 [2]
22 48 [1]
31 34 [1]
28 36 [0]
30 35 [1]
15 30 [2]
30 47 [2]
1 7 [0]
15 26 [2]
17 20 [0]
35 41 [1]
0 34 [2]
2 3 [0]
3 34 [1]
33 40 [1]
19 32 [1]
36 45 [1]
30 41 [0]
34 39 [1]
1 24 [1]
12 33 [1]
6 24 [1]
47 49 [0]
35 47 [1]
12 49 [0]
2 47 [0]
2 27 [0]
33 35 [0]
16 35 [0]
21 35 [0]
4 35 [2]
31 35 [0]
15 35 [1]
15 38 [0]
14 15 [0]
15 47 [1]
36 42 [0]
36 48 [1]
22 36 [0]
0 42 [2]
0 14 [0]
0 39 [0]
0 11 [2]
38 47 [1]
23 32 [0]
24 32 [1]
1 4 [0]
4 11 [0]
9 23 [0]
6 23 [0]
23 29 [0]
22 28 [0]
25 37 [0]
1 10 [0]
1 6 [1]
1 17 [0]
8 21 [0]
31 47 [2]
10 17 [0]
3 41 [2]
26 33 [0]
