# cathegory: solved
# problem: no problem
# numcrossings:1249
128
6
0
14
8
23
17
11
34
116
53
65
69
63
62
56
54
76
72
68
55
57
74
81
94
87
91
92
90
86
64
67
44
29
22
25
27
21
30
35
20
33
60
82
95
102
123
115
127
122
96
121
80
61
7
110
109
106
88
107
111
117
114
100
120
97
71
58
18
36
50
78
59
47
9
15
45
28
19
13
6
16
4
84
83
93
101
99
77
98
125
105
73
75
46
85
119
40
37
108
124
126
113
10
31
24
42
66
39
3
1
41
5
49
48
52
43
103
51
79
2
38
12
32
70
112
118
26
89
104
0 35 [3]
30 35 [0]
20 35 [0]
35 71 [2]
35 95 [4]
18 35 [4]
35 127 [0]
0 40 [5]
0 106 [2]
0 110 [3]
0 14 [0]
0 107 [2]
0 122 [3]
30 40 [0]
30 87 [2]
30 47 [4]
30 92 [2]
30 126 [0]
21 30 [0]
37 40 [0]
40 119 [0]
40 80 [0]
40 124 [4]
40 96 [0]
20 106 [0]
20 87 [2]
20 97 [4]
20 33 [0]
20 36 [5]
20 41 [1]
37 106 [3]
106 109 [0]
8 106 [2]
88 106 [0]
74 106 [5]
37 87 [0]
59 87 [2]
87 91 [0]
50 87 [5]
87 94 [0]
37 85 [2]
37 118 [5]
37 108 [0]
37 81 [0]
71 110 [5]
47 71 [0]
71 97 [0]
32 71 [2]
58 71 [0]
71 115 [4]
110 119 [0]
109 110 [0]
110 116 [3]
110 111 [3]
42 110 [3]
47 119 [3]
47 59 [0]
47 90 [5]
9 47 [0]
27 47 [4]
85 119 [0]
100 119 [3]
28 119 [3]
25 119 [0]
97 109 [2]
59 97 [3]
97 120 [0]
97 114 [1]
1 97 [1]
85 109 [0]
75 109 [1]
109 117 [4]
66 109 [3]
59 85 [3]
59 86 [5]
59 78 [0]
3 59 [3]
46 85 [0]
19 85 [3]
39 85 [5]
14 95 [3]
92 95 [2]
33 95 [0]
32 95 [3]
82 95 [0]
95 102 [0]
14 80 [2]
8 14 [0]
14 116 [3]
14 112 [5]
14 61 [3]
80 92 [2]
91 92 [0]
90 92 [0]
69 92 [3]
48 92 [4]
80 118 [3]
80 100 [4]
11 80 [2]
80 121 [0]
8 33 [3]
33 91 [5]
33 120 [2]
33 60 [0]
5 33 [1]
8 118 [0]
8 75 [2]
8 23 [0]
8 103 [5]
91 118 [1]
86 91 [0]
89 91 [1]
49 91 [4]
46 118 [0]
17 118 [4]
43 118 [4]
32 116 [1]
32 90 [1]
32 120 [2]
12 32 [0]
32 123 [3]
100 116 [2]
75 116 [5]
38 116 [0]
79 116 [3]
90 100 [5]
86 90 [0]
63 90 [1]
7 90 [5]
46 100 [3]
70 100 [2]
22 100 [4]
75 120 [3]
86 120 [2]
113 120 [3]
67 120 [4]
46 75 [0]
73 75 [0]
44 75 [4]
46 86 [4]
62 86 [3]
64 86 [0]
46 105 [3]
29 46 [0]
18 107 [5]
18 126 [3]
18 36 [0]
18 58 [0]
18 82 [5]
18 104 [2]
107 124 [3]
88 107 [0]
107 111 [0]
107 112 [2]
31 107 [1]
124 126 [0]
50 126 [3]
9 126 [3]
69 126 [0]
52 126 [2]
108 124 [0]
28 124 [1]
11 124 [5]
10 124 [4]
36 88 [5]
36 50 [0]
36 114 [1]
36 60 [5]
36 83 [5]
88 108 [1]
88 117 [0]
23 88 [2]
57 88 [2]
50 108 [3]
50 78 [0]
50 89 [2]
50 76 [2]
19 108 [1]
17 108 [0]
72 108 [0]
58 111 [5]
9 58 [4]
58 114 [1]
12 58 [2]
58 101 [0]
28 111 [1]
111 117 [0]
38 111 [3]
24 111 [3]
9 28 [0]
9 78 [1]
9 63 [5]
9 15 [0]
19 28 [0]
28 70 [2]
28 45 [0]
114 117 [0]
78 114 [1]
113 114 [3]
93 114 [0]
19 117 [0]
73 117 [0]
6 117 [0]
19 78 [2]
62 78 [5]
54 78 [2]
19 105 [3]
13 19 [0]
82 112 [3]
69 82 [3]
60 82 [0]
12 82 [1]
53 82 [3]
11 112 [1]
23 112 [2]
38 112 [5]
51 112 [5]
11 69 [2]
69 89 [4]
63 69 [0]
65 69 [0]
11 17 [0]
11 70 [1]
11 34 [0]
23 60 [3]
60 89 [3]
60 113 [1]
60 84 [5]
17 23 [0]
23 73 [5]
23 55 [1]
17 89 [4]
62 89 [4]
26 89 [0]
17 105 [5]
17 68 [2]
12 38 [0]
12 63 [1]
12 113 [0]
12 99 [2]
38 70 [4]
38 73 [2]
2 38 [0]
63 70 [4]
62 63 [0]
63 77 [5]
70 105 [2]
70 98 [2]
73 113 [2]
62 113 [0]
4 113 [1]
73 105 [0]
16 73 [1]
62 105 [0]
56 62 [0]
105 125 [0]
122 127 [0]
21 127 [4]
41 127 [1]
115 127 [0]
102 127 [5]
104 127 [3]
96 122 [0]
74 122 [2]
42 122 [1]
61 122 [5]
31 122 [1]
21 96 [0]
21 94 [3]
21 27 [0]
21 48 [1]
21 52 [1]
81 96 [2]
25 96 [0]
96 121 [0]
10 96 [1]
41 74 [4]
41 94 [4]
1 41 [0]
5 41 [0]
41 83 [5]
74 81 [0]
66 74 [0]
74 103 [4]
57 74 [0]
81 94 [0]
3 94 [4]
49 94 [4]
76 94 [3]
39 81 [4]
43 81 [4]
72 81 [3]
42 115 [1]
27 115 [4]
1 115 [1]
115 123 [0]
101 115 [0]
25 42 [1]
42 66 [0]
42 79 [2]
24 42 [0]
25 27 [0]
3 27 [1]
7 27 [4]
15 27 [4]
25 39 [4]
22 25 [0]
25 45 [4]
1 66 [2]
1 3 [0]
1 67 [4]
1 93 [4]
39 66 [0]
44 66 [1]
6 66 [0]
3 39 [0]
3 64 [1]
3 54 [0]
29 39 [4]
13 39 [4]
61 102 [5]
48 102 [1]
5 102 [1]
102 123 [0]
53 102 [3]
61 121 [1]
61 103 [3]
61 79 [3]
51 61 [3]
48 121 [3]
48 49 [0]
7 48 [3]
48 65 [0]
43 121 [3]
22 121 [0]
34 121 [2]
5 103 [5]
5 49 [0]
5 67 [4]
5 84 [4]
43 103 [0]
44 103 [3]
55 103 [1]
43 49 [5]
49 64 [4]
26 49 [5]
29 43 [1]
43 68 [4]
79 123 [3]
7 123 [5]
67 123 [4]
99 123 [0]
22 79 [1]
44 79 [1]
2 79 [0]
7 22 [5]
7 64 [5]
7 77 [0]
22 29 [0]
22 98 [2]
44 67 [0]
64 67 [0]
4 67 [4]
29 44 [0]
16 44 [4]
29 64 [2]
56 64 [3]
29 125 [0]
31 104 [0]
52 104 [4]
83 104 [5]
101 104 [2]
53 104 [4]
10 31 [0]
31 57 [0]
24 31 [0]
31 51 [5]
10 52 [2]
52 76 [4]
15 52 [2]
52 65 [4]
10 72 [0]
10 45 [1]
10 34 [5]
57 83 [5]
76 83 [5]
83 93 [0]
83 84 [0]
57 72 [3]
6 57 [5]
55 57 [0]
72 76 [0]
54 76 [0]
26 76 [4]
13 72 [2]
68 72 [0]
24 101 [4]
15 101 [0]
93 101 [0]
99 101 [0]
24 45 [4]
6 24 [1]
2 24 [2]
15 45 [0]
15 54 [5]
15 77 [1]
13 45 [5]
45 98 [3]
6 93 [0]
54 93 [4]
4 93 [0]
6 13 [0]
6 16 [0]
13 54 [5]
54 56 [0]
13 125 [3]
51 53 [0]
53 65 [0]
53 84 [5]
53 99 [5]
34 51 [5]
51 55 [4]
2 51 [0]
34 65 [0]
26 65 [4]
65 77 [5]
34 68 [1]
34 98 [5]
55 84 [5]
26 84 [2]
4 84 [0]
55 68 [0]
16 55 [5]
26 68 [4]
26 56 [4]
68 125 [0]
2 99 [2]
77 99 [0]
4 99 [3]
2 98 [2]
2 16 [2]
77 98 [0]
56 77 [2]
98 125 [0]
4 16 [0]
4 56 [2]
16 125 [3]
56 125 [0]
