# cathegory: solved
# problem: no problem
# numcrossings:23467
1600
12
0
95
76
582
347
481
332
506
505
553
590
669
547
684
982
955
885
912
1002
695
816
189
302
4
241
231
402
65
146
16
177
455
494
604
771
904
773
115
159
292
331
838
368
390
305
370
488
852
842
1092
848
861
985
677
896
749
367
45
131
285
355
644
333
142
449
754
802
558
849
673
856
717
1019
1149
1012
1101
288
210
197
293
374
144
68
164
345
499
543
312
1074
1540
1551
1069
1187
1262
1466
1459
1439
1179
907
746
1227
983
882
698
727
883
887
823
523
964
1117
1064
1106
1063
1430
1516
1508
1485
1263
1291
1339
944
1032
1108
1157
1186
1136
1111
1020
1003
978
1114
1161
496
837
328
308
352
939
996
1180
705
671
674
1016
739
769
573
69
566
1486
1448
1598
1071
1162
1137
1075
1200
1304
1195
1110
928
538
385
621
477
1122
1095
1298
1518
1519
995
872
891
879
692
504
489
493
707
1237
1209
629
681
757
650
507
559
83
27
273
405
600
501
633
654
411
530
428
237
502
923
30
262
186
359
512
636
611
545
431
761
699
666
599
657
376
745
522
358
1378
613
643
728
969
960
847
503
323
338
418
263
291
39
78
584
435
335
277
256
133
282
344
272
342
459
513
371
860
1054
1165
1558
264
179
730
1196
825
606
665
630
808
979
922
1036
977
1082
1044
987
1079
589
938
839
1046
171
156
239
495
906
1213
1251
18
394
1031
1097
627
598
9
403
672
1184
914
1548
1091
973
596
575
859
817
752
830
433
471
426
306
562
655
659
900
868
806
1330
1297
1415
407
255
314
456
274
101
321
15
19
1189
733
498
546
620
597
1371
1215
1338
1235
318
427
62
49
452
686
846
999
1356
1366
1221
924
940
645
479
235
729
857
667
688
389
270
696
537
715
801
929
927
818
595
1065
1043
824
213
1132
1123
1254
462
875
1015
1420
1276
1326
1313
874
913
971
988
992
1006
1474
594
560
542
445
457
393
362
388
1546
1442
1231
1188
1248
1286
1463
487
557
1597
1225
1337
1296
1292
583
474
612
1247
1249
1455
834
943
950
1105
993
892
94
348
72
196
585
183
220
13
509
1584
737
555
311
309
1437
1175
1240
793
919
800
322
412
406
152
125
124
400
211
113
5
1312
1349
1398
1492
1295
690
463
280
514
750
619
765
536
853
1373
710
779
972
1103
1164
952
1549
1174
1435
1088
1429
678
475
93
60
26
48
935
905
524
810
726
683
886
567
587
304
576
731
354
250
1100
1359
1280
1345
1261
1322
1369
1133
741
568
601
1426
1223
1259
143
246
862
884
1217
1155
617
515
790
626
628
899
649
867
464
998
994
1045
1400
1176
894
460
841
1042
975
1183
1034
1160
1410
1334
1421
1258
1198
1329
1202
1283
1394
1539
1242
1244
1040
126
454
511
548
361
1391
951
1119
1278
1350
835
780
544
1581
963
869
1078
1052
1273
1173
1177
593
792
744
819
798
1272
1070
1360
1152
1041
915
1440
1305
1282
1555
653
813
1037
1487
1386
648
789
785
760
1457
492
873
369
77
1542
569
1257
1309
516
365
438
227
223
174
379
1077
1347
1190
833
770
450
340
337
377
1379
1423
1073
1264
1310
34
64
989
1358
1191
1290
1121
1024
1131
1181
1219
1135
986
1096
647
360
661
631
953
1029
1306
1255
1538
1372
410
373
424
439
430
167
182
357
325
527
468
395
531
663
578
941
1163
1419
832
1141
1253
281
44
968
572
1526
351
1573
1390
1154
1057
1204
1035
1005
1557
1000
1328
1553
719
682
57
319
429
185
1109
1377
1525
781
1321
1205
1151
1302
1403
1592
1148
1332
1453
1488
89
157
1346
1210
1038
893
831
1399
625
1234
1351
1397
1465
1270
1319
1409
1168
1197
1318
1087
381
784
759
166
269
289
356
295
127
1314
1467
425
391
420
948
1384
722
7
107
397
66
747
221
188
660
310
954
1491
1382
1127
822
1048
1252
458
56
346
243
194
300
392
697
123
528
386
586
99
764
1245
1331
1159
453
1389
228
244
204
165
1010
803
1139
1256
1099
898
1566
1370
1503
1284
1392
1232
897
451
1565
1579
554
203
404
638
592
432
141
662
1166
1049
961
1102
224
119
218
150
47
261
399
500
826
845
668
1507
1058
959
1289
1461
1450
1497
287
510
581
796
176
777
473
656
1471
550
851
864
1022
751
725
821
1018
791
541
962
1
1341
767
1021
1352
1530
1396
679
926
470
202
121
1094
990
1317
804
1406
641
632
691
192
85
396
535
206
1489
552
104
215
1464
343
380
232
701
193
693
1523
1130
743
732
1124
949
1208
1275
1267
195
130
1112
1293
1424
685
788
1090
1143
881
720
52
42
38
8
1062
1323
63
316
540
563
267
283
1527
807
384
245
120
1481
1185
1446
1574
1513
324
1288
476
217
539
700
878
721
820
916
1562
607
447
59
799
588
1362
1532
1434
1226
448
372
609
375
416
1554
1380
1571
724
423
865
118
70
1425
805
1315
92
135
96
61
1568
836
676
1593
1572
1499
709
434
997
1511
1531
1411
1524
469
936
828
1067
1138
1575
1239
1301
1494
1316
1008
734
1001
608
571
1169
768
855
937
1583
1563
786
1192
1363
1061
1053
670
1482
383
236
976
981
966
762
603
1576
1541
946
10
116
687
117
1454
1529
1140
850
134
327
521
212
201
100
249
570
90
147
137
970
1142
1055
1544
965
738
1250
624
2
1344
1327
870
519
1480
1199
1498
25
776
1104
421
461
991
1059
945
226
534
863
1025
366
222
932
401
1500
615
579
478
294
382
783
795
1220
1206
1449
1564
1050
1222
1228
1051
1230
564
1201
1279
909
1550
254
32
925
497
299
634
703
623
908
1458
1582
622
1552
1277
1376
1407
616
149
303
614
920
409
1505
29
858
1478
1559
1060
815
758
716
556
413
1281
1594
774
229
168
708
1145
1120
1203
840
1233
1115
1030
1444
772
330
84
1447
279
12
1496
1238
1368
259
187
1039
162
286
1013
1432
1229
132
158
296
1086
1118
163
1590
233
444
136
128
844
591
680
175
408
442
315
46
422
525
173
1460
1479
466
642
866
36
618
809
812
766
102
387
129
533
756
208
1246
480
1014
172
334
417
398
290
1422
1325
339
485
551
763
1084
1266
1569
436
1308
181
105
88
248
111
106
640
486
967
1026
1528
191
1405
1561
797
1011
1027
1595
713
276
1456
1408
1076
1585
1098
1023
86
140
35
565
109
1017
378
577
170
1578
610
240
1224
225
1381
827
336
1393
190
901
518
517
278
483
694
871
1506
903
198
472
814
1153
446
753
1009
880
1388
1364
112
520
1093
711
723
1441
1596
1194
605
28
1469
704
1355
574
313
1438
782
58
199
917
1490
247
1342
1156
257
266
735
74
73
794
1413
11
24
1274
775
284
1129
1567
1452
787
75
1580
71
1066
1428
53
31
87
602
890
956
234
364
145
22
651
151
888
714
561
748
21
33
1303
1269
349
1427
1128
1588
253
1068
138
1443
1483
1340
6
1081
1214
1343
238
219
271
184
1534
921
1134
1033
307
1171
529
14
114
1007
1294
1147
1547
1357
97
329
1493
1336
811
301
1268
415
736
55
216
1417
490
20
1320
1468
1477
275
1591
297
317
876
1414
230
265
1418
675
1536
658
110
1412
1514
1260
37
178
1387
755
350
1521
1436
1365
933
1416
646
526
1502
1193
214
980
1517
1473
637
205
80
1047
98
465
931
1556
79
1451
260
1146
1484
1522
1462
1085
3
635
419
740
1271
1495
209
1599
1218
1212
1501
947
1028
50
1476
664
549
363
139
877
1353
440
1333
689
580
437
441
67
1535
1586
1299
1361
1089
854
467
160
40
1182
169
1545
81
1335
1510
251
1116
742
1383
1509
17
23
82
258
1472
843
718
712
1072
957
984
207
54
902
1216
1537
918
1560
155
161
298
702
652
532
1504
1433
1512
889
484
153
1211
1107
1113
148
268
911
1570
1207
1150
1470
1543
1125
1265
1311
1367
154
1241
482
1475
934
43
51
1056
122
1178
1243
910
1402
1577
91
1520
491
1431
1401
829
1515
1158
1144
1348
1170
930
108
1080
252
1375
1126
1385
895
1172
1167
942
1324
778
1300
242
1587
1589
1354
1445
1236
1374
200
706
1004
1083
103
974
1404
1285
443
508
1307
326
341
639
1395
41
180
320
353
414
958
1287
1533
1092 1556 [4]
1048 1252 [0]
728 1536 [9]
348 1261 [8]
87 325 [2]
94 348 [0]
285 1470 [4]
362 393 [0]
232 655 [6]
377 1379 [0]
878 1453 [5]
543 960 [2]
550 813 [10]
480 1200 [4]
1 241 [1]
168 708 [0]
173 1346 [7]
461 1090 [9]
150 1291 [8]
596 1341 [6]
1131 1580 [11]
1127 1261 [6]
894 1176 [0]
4 1101 [6]
518 611 [5]
80 570 [1]
1305 1440 [0]
573 769 [0]
685 1293 [1]
264 1456 [5]
15 19 [0]
370 488 [0]
86 1239 [3]
862 884 [0]
804 1317 [0]
158 1293 [0]
717 1291 [5]
62 547 [2]
258 1358 [7]
960 969 [0]
684 1504 [8]
158 1465 [7]
0 1444 [6]
593 698 [3]
774 1594 [0]
331 1338 [7]
788 1470 [1]
522 1570 [11]
1091 1548 [0]
338 961 [1]
247 1342 [0]
910 1491 [3]
201 1571 [2]
737 1584 [0]
880 1009 [0]
1036 1480 [4]
593 792 [0]
556 1355 [10]
796 1188 [6]
786 1250 [2]
135 736 [3]
478 1220 [2]
64 989 [0]
963 1431 [7]
433 714 [9]
370 1291 [5]
75 686 [9]
398 1414 [7]
290 1280 [9]
30 701 [1]
867 987 [3]
1037 1487 [0]
91 1491 [3]
464 1372 [6]
754 1195 [11]
170 384 [2]
899 1214 [11]
648 739 [3]
33 340 [2]
208 1362 [2]
618 814 [10]
602 890 [0]
981 1409 [7]
1163 1459 [3]
285 1553 [3]
582 1406 [1]
340 1177 [8]
115 159 [0]
1081 1214 [0]
217 435 [6]
153 899 [10]
15 1455 [3]
395 468 [0]
93 187 [9]
1425 1565 [7]
636 1177 [3]
918 1537 [0]
528 1192 [7]
403 672 [0]
238 699 [5]
626 790 [0]
1163 1494 [5]
912 1564 [6]
54 1576 [10]
637 970 [10]
569 1542 [0]
927 1308 [9]
79 751 [3]
461 489 [4]
304 1343 [11]
282 1358 [8]
635 1559 [10]
101 321 [0]
314 456 [0]
355 644 [0]
458 903 [2]
569 1442 [1]
966 1514 [1]
9 842 [7]
643 736 [5]
316 791 [7]
825 1196 [0]
468 1209 [8]
490 1378 [5]
687 1131 [9]
507 559 [0]
797 977 [5]
922 1003 [7]
390 886 [10]
214 1193 [0]
801 1168 [1]
250 390 [10]
92 135 [0]
245 1211 [1]
899 1544 [5]
801 929 [0]
951 1516 [3]
599 971 [10]
471 1318 [1]
707 1588 [5]
172 1014 [0]
428 1457 [3]
515 617 [0]
254 989 [9]
57 412 [6]
914 1184 [0]
238 746 [0]
263 1349 [3]
536 853 [0]
1197 1490 [2]
135 734 [8]
746 1227 [0]
822 1256 [1]
391 1044 [1]
385 538 [0]
446 1205 [11]
597 620 [0]
474 612 [0]
1181 1586 [7]
562 1058 [1]
721 1250 [9]
567 938 [3]
1009 1166 [11]
1110 1195 [0]
1198 1329 [0]
1349 1398 [0]
659 1318 [1]
1067 1138 [0]
435 703 [4]
66 590 [3]
13 1165 [3]
1199 1498 [0]
102 766 [0]
42 132 [2]
1198 1258 [0]
294 671 [4]
921 1134 [0]
420 948 [0]
1572 1593 [0]
544 1179 [3]
677 985 [0]
81 1065 [2]
489 493 [0]
695 1002 [0]
1148 1592 [0]
1441 1596 [0]
627 1409 [1]
1108 1408 [4]
998 1210 [0]
1402 1577 [0]
951 1391 [0]
810 1384 [6]
63 971 [6]
19 1189 [0]
845 1489 [5]
95 1209 [11]
780 1566 [4]
548 1027 [9]
1222 1228 [0]
710 993 [1]
1139 1566 [2]
739 1016 [0]
401 1293 [9]
63 784 [5]
95 273 [11]
10 613 [4]
92 1425 [1]
463 1226 [4]
547 1039 [10]
1352 1530 [0]
1050 1564 [0]
575 989 [8]
755 1521 [0]
287 1461 [0]
1111 1382 [8]
121 1130 [3]
578 636 [8]
178 1416 [3]
359 512 [0]
586 1308 [11]
340 1428 [11]
609 784 [5]
556 815 [0]
410 709 [5]
293 1156 [4]
561 888 [1]
1398 1492 [0]
1364 1388 [0]
1107 1113 [0]
765 1501 [2]
117 1541 [1]
1290 1513 [5]
406 412 [0]
744 1062 [10]
295 356 [0]
34 64 [0]
990 1314 [9]
97 1357 [0]
1025 1358 [5]
872 995 [0]
208 1246 [0]
1337 1458 [5]
163 1118 [0]
66 1387 [2]
608 1510 [1]
430 832 [2]
496 1178 [5]
1390 1573 [0]
462 1254 [0]
85 907 [8]
1054 1341 [1]
929 1379 [1]
68 144 [0]
49 948 [1]
712 1459 [9]
876 1019 [4]
143 1259 [0]
173 1460 [0]
184 667 [11]
908 1458 [0]
615 1139 [7]
25 776 [0]
133 256 [0]
391 1403 [10]
140 1239 [3]
179 1230 [5]
1000 1328 [0]
497 1399 [7]
583 1292 [0]
293 374 [0]
779 1201 [5]
1055 1544 [0]
885 912 [0]
165 1292 [6]
708 1114 [4]
817 889 [2]
817 859 [0]
35 332 [8]
392 1100 [6]
359 829 [11]
299 497 [0]
176 777 [0]
484 889 [0]
453 1389 [0]
314 1116 [2]
398 1487 [9]
448 1434 [0]
1000 1557 [0]
224 1102 [0]
313 574 [0]
390 805 [8]
366 1490 [1]
81 786 [1]
12 262 [4]
624 1250 [0]
912 1002 [0]
201 357 [9]
1138 1575 [0]
392 1178 [3]
1190 1347 [0]
519 1088 [5]
66 797 [11]
542 1519 [0]
49 1125 [2]
192 1461 [5]
634 754 [8]
204 244 [0]
69 745 [7]
392 697 [0]
681 757 [0]
589 1227 [7]
369 1542 [1]
1024 1121 [0]
700 1409 [5]
822 1048 [0]
24 943 [9]
75 384 [3]
433 744 [1]
545 611 [0]
411 599 [9]
125 1497 [6]
123 697 [0]
169 1041 [7]
467 1213 [11]
26 48 [0]
167 1462 [7]
728 969 [0]
1221 1366 [0]
367 1349 [10]
543 791 [8]
292 1146 [4]
575 872 [0]
463 1295 [0]
507 1424 [1]
557 1597 [0]
408 1524 [3]
436 627 [9]
43 400 [2]
16 1165 [2]
526 809 [6]
192 1597 [6]
1032 1518 [7]
389 580 [11]
708 1203 [1]
482 851 [3]
841 1257 [1]
92 343 [11]
760 785 [0]
677 1166 [8]
453 884 [4]
238 630 [9]
950 1372 [1]
426 1405 [9]
682 719 [0]
1034 1183 [0]
676 1141 [5]
226 679 [11]
499 783 [6]
83 559 [0]
739 1462 [5]
1155 1217 [0]
132 1592 [7]
599 666 [0]
412 1494 [4]
707 1550 [4]
786 1563 [0]
659 1225 [3]
990 1317 [0]
157 1532 [5]
531 1461 [4]
87 602 [0]
156 239 [0]
407 724 [6]
83 449 [11]
130 1275 [0]
893 1210 [0]
413 1067 [11]
433 1092 [2]
114 1277 [10]
1031 1097 [0]
231 1331 [3]
1042 1215 [8]
472 814 [0]
141 1166 [1]
357 627 [8]
550 1316 [7]
303 857 [5]
518 901 [0]
57 682 [0]
102 387 [0]
263 635 [11]
399 1084 [11]
117 1259 [5]
913 1583 [4]
544 780 [0]
343 1000 [9]
397 546 [1]
46 422 [0]
171 623 [4]
83 863 [4]
225 1381 [0]
118 1433 [1]
282 920 [4]
770 833 [0]
502 923 [0]
1377 1586 [7]
268 911 [0]
861 1195 [11]
944 1378 [7]
187 695 [6]
360 1049 [4]
72 350 [11]
732 1163 [9]
643 1529 [4]
420 1473 [2]
506 1352 [1]
372 1382 [5]
965 1544 [0]
408 1048 [11]
515 1199 [5]
493 1197 [8]
59 1462 [3]
610 1224 [1]
141 1370 [11]
360 1247 [1]
62 500 [6]
385 1082 [2]
323 1223 [3]
431 1313 [8]
240 1530 [2]
201 1090 [9]
1356 1366 [0]
1159 1213 [1]
608 1001 [0]
158 1092 [8]
1117 1241 [0]
425 1467 [0]
1174 1435 [0]
1227 1515 [5]
405 1356 [8]
342 680 [5]
529 1171 [0]
550 1471 [0]
293 593 [3]
148 845 [3]
561 828 [1]
738 965 [0]
474 1317 [6]
300 392 [0]
394 1507 [6]
251 884 [10]
142 449 [0]
62 937 [4]
4 302 [0]
1334 1410 [0]
150 218 [0]
608 1386 [5]
729 1333 [11]
233 1590 [0]
450 770 [0]
679 1396 [0]
851 1200 [1]
937 1583 [0]
62 318 [0]
589 938 [0]
498 803 [1]
543 1370 [8]
295 641 [9]
527 860 [8]
458 1567 [2]
1405 1561 [0]
1088 1326 [1]
496 1170 [0]
1107 1211 [0]
531 663 [0]
272 344 [0]
401 932 [0]
709 1114 [10]
297 792 [2]
474 788 [4]
461 1383 [10]
807 1575 [9]
343 1363 [11]
281 1253 [0]
478 1215 [5]
242 1103 [7]
365 1277 [9]
933 1365 [0]
705 1180 [0]
63 637 [3]
870 1327 [0]
433 830 [0]
236 976 [0]
1151 1302 [0]
268 1570 [1]
184 822 [2]
1129 1398 [11]
314 535 [0]
387 1020 [4]
1136 1377 [8]
1235 1338 [0]
921 1581 [11]
1168 1197 [0]
694 871 [0]
936 1319 [9]
140 692 [5]
1391 1486 [8]
176 567 [0]
1040 1244 [0]
804 1406 [0]
1124 1311 [1]
193 654 [1]
624 1510 [10]
220 1520 [2]
1033 1134 [0]
949 1124 [0]
863 1345 [5]
433 471 [0]
362 388 [0]
687 851 [11]
466 1222 [1]
319 1501 [7]
1248 1286 [0]
971 988 [0]
239 1215 [3]
675 1197 [2]
455 714 [8]
614 920 [0]
727 883 [0]
231 1094 [1]
246 978 [10]
13 220 [0]
87 426 [9]
959 1448 [8]
10 946 [0]
165 1417 [2]
1173 1273 [0]
29 1258 [5]
216 1408 [7]
199 1244 [11]
44 1446 [5]
487 1463 [0]
583 1100 [0]
765 1212 [2]
33 476 [3]
591 1028 [6]
1164 1396 [4]
80 959 [3]
450 1239 [5]
1030 1233 [0]
659 1076 [0]
250 354 [0]
93 475 [0]
986 1390 [10]
754 802 [0]
343 380 [0]
509 1584 [0]
24 227 [11]
179 1032 [7]
82 621 [5]
181 1077 [11]
118 978 [6]
983 1227 [0]
186 1135 [3]
113 1476 [2]
1205 1321 [0]
674 1262 [11]
506 967 [8]
359 702 [11]
841 1460 [9]
833 1347 [0]
1262 1466 [0]
952 1569 [9]
323 618 [5]
1162 1347 [3]
34 1310 [0]
721 1213 [6]
194 300 [0]
1064 1106 [0]
42 1101 [8]
655 659 [0]
785 873 [1]
571 608 [0]
343 1367 [1]
605 1112 [3]
187 1187 [4]
11 497 [1]
831 1092 [3]
249 695 [6]
503 1222 [4]
708 970 [3]
368 838 [0]
946 1541 [0]
111 1405 [1]
132 1542 [9]
438 1241 [7]
724 1290 [5]
387 1108 [4]
592 1487 [10]
45 1169 [8]
841 1042 [0]
1269 1303 [0]
355 845 [8]
465 929 [11]
114 1007 [0]
870 1082 [4]
989 1358 [0]
1154 1433 [7]
501 745 [9]
93 1352 [4]
113 211 [0]
230 448 [3]
964 1462 [9]
1263 1485 [0]
834 1455 [0]
7 1079 [1]
757 1292 [10]
488 852 [0]
259 1379 [9]
101 1164 [1]
522 745 [0]
991 1116 [6]
101 922 [8]
797 1011 [0]
694 1344 [1]
755 1387 [0]
48 1479 [9]
231 848 [6]
1316 1494 [0]
367 693 [8]
415 1268 [0]
1073 1379 [0]
108 600 [11]
32 1051 [1]
1312 1349 [0]
1192 1363 [0]
626 628 [0]
121 1513 [7]
1147 1294 [0]
378 818 [5]
1199 1480 [0]
34 1550 [9]
459 513 [0]
259 1238 [1]
254 684 [6]
206 1337 [6]
1280 1452 [11]
684 1263 [5]
275 1027 [7]
410 948 [4]
550 1079 [1]
831 893 [0]
304 576 [0]
171 1487 [8]
393 1599 [2]
618 809 [0]
220 509 [0]
343 1208 [5]
335 1033 [9]
522 1473 [11]
710 1459 [10]
1382 1491 [0]
511 807 [10]
528 756 [11]
855 937 [0]
220 952 [8]
160 1346 [7]
551 757 [5]
347 884 [10]
1032 1291 [0]
469 744 [5]
642 1175 [9]
213 824 [0]
548 946 [5]
693 859 [6]
60 1002 [10]
698 727 [0]
12 1459 [4]
733 1270 [1]
403 1295 [3]
416 1262 [1]
408 442 [0]
499 981 [6]
728 1306 [8]
499 653 [3]
336 1381 [1]
723 1009 [1]
1408 1456 [0]
134 850 [0]
498 1573 [1]
288 1198 [8]
757 976 [6]
640 1528 [1]
798 1272 [0]
1284 1503 [0]
1154 1390 [0]
312 1074 [0]
166 1244 [0]
447 1044 [6]
568 1054 [8]
1049 1306 [4]
62 1245 [1]
72 322 [1]
361 1391 [0]
1448 1486 [0]
378 1017 [0]
625 1500 [7]
425 1018 [9]
666 699 [0]
387 632 [2]
717 1019 [0]
1208 1275 [0]
277 576 [3]
840 1333 [6]
337 661 [6]
1088 1432 [9]
811 1371 [11]
333 526 [4]
455 1387 [8]
1365 1436 [0]
280 514 [0]
101 1368 [5]
324 1223 [4]
182 357 [0]
337 518 [11]
284 963 [11]
11 385 [9]
1060 1559 [0]
752 830 [0]
359 624 [4]
1430 1516 [0]
723 1456 [6]
515 1169 [10]
500 826 [0]
155 1043 [2]
688 1518 [10]
444 1086 [1]
602 1036 [9]
524 905 [0]
1008 1517 [1]
649 699 [3]
501 1379 [8]
1277 1407 [1]
43 944 [5]
445 457 [0]
80 1047 [0]
138 399 [2]
369 785 [1]
754 1215 [7]
344 504 [9]
622 1018 [11]
526 1485 [9]
1071 1162 [0]
822 1127 [0]
90 1292 [4]
730 1568 [6]
249 570 [0]
479 645 [0]
579 1500 [1]
552 1489 [0]
725 821 [0]
85 293 [8]
136 315 [1]
1158 1515 [0]
404 638 [0]
370 866 [8]
562 1060 [0]
1277 1552 [0]
159 1256 [3]
372 609 [0]
228 1460 [11]
823 1175 [10]
795 1220 [0]
57 1453 [4]
151 888 [0]
1070 1272 [0]
79 931 [0]
481 1052 [7]
105 618 [0]
564 1276 [5]
948 1549 [6]
695 1508 [1]
269 289 [0]
195 1275 [0]
610 1340 [7]
717 1514 [4]
872 891 [0]
432 619 [6]
610 1021 [2]
391 957 [3]
540 1316 [9]
73 794 [0]
598 960 [0]
286 1192 [3]
182 386 [4]
803 1010 [0]
1124 1523 [1]
634 1219 [9]
606 825 [0]
376 657 [0]
605 1406 [2]
156 386 [1]
431 545 [0]
575 596 [0]
1146 1439 [9]
287 1430 [8]
653 1372 [6]
159 616 [8]
384 807 [0]
512 1290 [8]
1202 1283 [0]
431 761 [0]
323 1119 [3]
281 529 [7]
592 1056 [3]
433 1383 [11]
500 1141 [4]
392 1001 [7]
552 1140 [11]
1473 1517 [0]
1206 1220 [0]
372 448 [0]
460 1176 [1]
151 1068 [6]
896 1564 [6]
1442 1546 [0]
133 906 [10]
623 908 [0]
985 1340 [9]
1005 1557 [0]
397 562 [1]
1188 1488 [0]
500 667 [6]
90 758 [3]
858 1208 [9]
963 1581 [0]
489 504 [0]
413 1248 [5]
614 1586 [6]
153 1512 [1]
289 393 [8]
556 1240 [5]
199 1469 [1]
510 1560 [3]
340 922 [8]
73 660 [2]
467 907 [9]
415 1302 [7]
396 1489 [1]
168 545 [5]
368 424 [3]
38 268 [1]
624 1418 [1]
371 1197 [8]
430 1467 [4]
598 627 [0]
697 1409 [4]
469 1499 [9]
195 897 [5]
110 658 [0]
223 1070 [6]
487 1560 [2]
1298 1518 [0]
224 698 [8]
762 966 [0]
1183 1574 [10]
24 291 [9]
305 1369 [10]
801 1239 [10]
283 862 [4]
486 640 [0]
129 563 [2]
503 808 [0]
1 1389 [2]
535 1313 [6]
489 1542 [3]
460 841 [0]
486 1377 [7]
628 1126 [10]
325 530 [8]
289 992 [8]
332 1065 [7]
347 481 [0]
166 269 [0]
175 680 [0]
1204 1596 [11]
277 726 [3]
29 499 [6]
66 397 [0]
1123 1132 [0]
692 1232 [8]
299 1420 [5]
26 867 [1]
299 634 [0]
223 227 [0]
645 985 [7]
1270 1319 [0]
1165 1558 [0]
426 1092 [2]
60 1272 [1]
364 823 [4]
123 528 [0]
1257 1365 [2]
1413 1565 [2]
6 973 [9]
91 1219 [7]
744 819 [0]
195 913 [6]
311 555 [0]
524 1079 [3]
913 1135 [1]
593 1177 [0]
256 804 [1]
423 907 [1]
280 463 [0]
59 931 [1]
67 474 [2]
530 934 [11]
1175 1437 [0]
8 38 [0]
280 1356 [11]
257 266 [0]
910 1402 [0]
148 653 [7]
61 96 [0]
197 1317 [8]
360 1096 [2]
113 351 [6]
559 904 [11]
829 1448 [5]
121 606 [6]
943 1461 [6]
473 777 [0]
410 705 [8]
431 797 [5]
637 1473 [0]
136 501 [4]
216 1314 [2]
426 471 [0]
393 457 [0]
591 1127 [11]
1076 1585 [0]
184 1534 [0]
704 1338 [9]
719 889 [7]
686 846 [0]
407 1415 [0]
868 974 [2]
37 1487 [2]
128 1595 [10]
1295 1492 [0]
1191 1407 [9]
915 1041 [0]
245 384 [0]
473 1016 [8]
915 1440 [0]
599 801 [10]
42 1259 [4]
721 878 [0]
145 1443 [6]
545 1511 [6]
85 396 [0]
168 871 [10]
1120 1145 [0]
975 1183 [0]
46 1501 [4]
121 672 [6]
1055 1283 [5]
429 1377 [3]
805 1315 [0]
483 694 [0]
373 424 [0]
862 1089 [2]
1082 1145 [5]
1085 1522 [1]
345 1546 [7]
955 982 [0]
581 1308 [11]
837 1450 [8]
600 748 [9]
497 1016 [4]
860 1054 [0]
390 788 [8]
714 1114 [9]
29 858 [0]
547 728 [2]
1063 1549 [10]
997 1511 [0]
59 1065 [4]
344 1237 [9]
65 1395 [9]
574 1355 [0]
772 986 [9]
95 1454 [10]
1470 1543 [0]
1045 1547 [11]
543 1089 [9]
969 1445 [11]
709 1247 [4]
57 439 [10]
129 533 [0]
1313 1326 [0]
725 751 [0]
903 943 [9]
52 720 [0]
232 1523 [2]
344 1186 [7]
1160 1575 [10]
366 932 [0]
1042 1321 [6]
264 1308 [5]
61 1568 [0]
459 1174 [3]
1263 1333 [9]
29 614 [1]
253 1332 [11]
1458 1582 [0]
786 1192 [0]
787 1566 [2]
672 1184 [0]
996 1180 [0]
747 1520 [3]
72 1413 [9]
753 1009 [0]
93 308 [10]
800 919 [0]
1196 1459 [7]
880 1356 [9]
294 382 [0]
60 357 [6]
365 895 [7]
88 763 [2]
99 1187 [8]
232 380 [0]
263 418 [0]
212 521 [0]
140 796 [2]
394 1031 [0]
699 761 [0]
183 585 [0]
818 1065 [0]
733 1107 [11]
653 1017 [11]
182 633 [3]
24 653 [11]
803 1291 [8]
1145 1440 [9]
112 1388 [1]
1024 1131 [0]
19 1522 [11]
173 1599 [6]
846 1146 [11]
1036 1112 [6]
267 283 [0]
563 1068 [3]
553 1380 [1]
590 669 [0]
710 779 [0]
418 980 [11]
834 943 [0]
233 1179 [4]
776 929 [4]
37 743 [3]
466 1484 [6]
190 1393 [0]
550 851 [0]
551 1092 [8]
56 772 [7]
65 402 [0]
115 525 [8]
479 729 [0]
1071 1598 [0]
745 1230 [4]
129 1295 [9]
1089 1361 [0]
976 981 [0]
1242 1244 [0]
1299 1586 [0]
275 1148 [2]
618 725 [11]
185 705 [8]
144 1143 [8]
562 1049 [1]
356 812 [11]
1461 1497 [0]
158 655 [5]
27 600 [0]
21 678 [11]
81 1222 [6]
1345 1553 [6]
558 1248 [7]
780 835 [0]
322 1440 [6]
1249 1455 [0]
181 1576 [3]
193 1218 [3]
765 1430 [10]
42 1291 [0]
594 852 [7]
357 505 [3]
65 1506 [8]
545 1072 [11]
741 1133 [0]
421 1480 [1]
1231 1442 [0]
1234 1351 [0]
913 971 [0]
21 33 [0]
164 971 [7]
998 1111 [3]
49 452 [0]
1257 1489 [10]
284 1129 [0]
993 1105 [0]
966 976 [1]
1093 1195 [9]
1019 1149 [0]
601 1378 [3]
1084 1266 [0]
919 1166 [6]
922 1036 [0]
367 749 [0]
278 483 [0]
113 278 [9]
791 1508 [8]
333 800 [10]
781 1451 [7]
92 1103 [4]
273 483 [5]
829 1318 [3]
97 1317 [2]
166 1220 [7]
493 707 [0]
828 1541 [2]
907 1179 [0]
239 1392 [1]
182 1164 [11]
239 1416 [11]
858 1478 [0]
628 899 [0]
1197 1460 [7]
1136 1334 [3]
480 1514 [7]
75 787 [0]
80 359 [11]
274 1327 [4]
7 227 [10]
196 844 [9]
405 600 [0]
677 1106 [5]
227 438 [0]
573 1454 [6]
1063 1577 [5]
514 1358 [1]
30 502 [0]
1137 1162 [0]
669 1308 [8]
600 1026 [5]
578 1184 [8]
1185 1481 [0]
613 643 [0]
641 1406 [0]
359 679 [1]
555 1215 [3]
171 515 [3]
250 1341 [4]
551 1493 [6]
978 1003 [0]
5 1354 [7]
72 758 [5]
791 1018 [0]
141 592 [0]
713 1477 [7]
592 1584 [6]
327 1165 [4]
1000 1553 [0]
857 1204 [1]
71 1254 [9]
162 1078 [9]
70 537 [4]
462 1015 [1]
37 887 [9]
1173 1479 [9]
1007 1111 [9]
766 883 [4]
897 1392 [0]
148 1162 [5]
865 1099 [7]
308 352 [0]
862 1203 [9]
0 516 [7]
471 854 [11]
259 655 [5]
35 140 [0]
189 302 [0]
820 916 [0]
1292 1296 [0]
36 1463 [5]
952 1549 [0]
325 759 [4]
734 1216 [1]
617 1155 [0]
270 696 [0]
564 1135 [9]
287 811 [3]
942 1442 [2]
60 1271 [2]
194 243 [0]
239 926 [6]
486 653 [9]
198 1506 [0]
676 1593 [0]
1117 1469 [4]
7 768 [7]
685 833 [10]
1070 1567 [11]
307 921 [1]
169 862 [2]
1168 1409 [0]
689 1559 [6]
1225 1263 [10]
332 481 [0]
74 592 [2]
1119 1388 [11]
2 938 [4]
466 642 [0]
498 733 [0]
480 1123 [5]
1223 1426 [0]
197 1584 [8]
242 849 [9]
276 533 [10]
53 1524 [11]
335 435 [0]
198 472 [0]
325 1593 [5]
260 1410 [2]
187 259 [0]
179 854 [11]
66 333 [3]
207 867 [10]
92 1026 [3]
352 1590 [4]
579 1182 [10]
104 1224 [2]
619 750 [0]
61 245 [11]
653 1282 [1]
780 919 [1]
654 1378 [9]
413 1578 [1]
771 904 [0]
291 1299 [11]
145 1483 [6]
613 1378 [0]
232 1460 [2]
937 1049 [7]
767 1341 [0]
474 1350 [8]
1076 1408 [0]
345 711 [4]
444 1320 [6]
131 630 [2]
97 562 [11]
879 891 [0]
673 1135 [3]
298 1531 [1]
1108 1157 [0]
1075 1446 [1]
39 291 [0]
79 241 [8]
977 1255 [1]
857 1454 [4]
236 1576 [0]
729 1536 [11]
621 1367 [5]
1297 1330 [0]
399 1531 [7]
464 599 [3]
390 954 [3]
700 1318 [5]
119 218 [0]
193 693 [0]
833 989 [2]
919 1350 [1]
1449 1564 [0]
241 1385 [4]
360 1080 [7]
152 1289 [6]
109 1017 [0]
28 1441 [1]
9 1387 [11]
183 1026 [9]
431 1491 [1]
241 1204 [3]
1237 1299 [5]
279 1447 [0]
948 1384 [0]
634 703 [0]
957 1119 [7]
217 560 [4]
551 763 [0]
113 1352 [4]
709 1499 [0]
169 305 [4]
645 1090 [6]
1114 1161 [0]
285 355 [0]
45 1018 [8]
1173 1177 [0]
84 1447 [0]
922 979 [0]
325 1162 [8]
576 966 [5]
927 929 [0]
661 984 [7]
1227 1563 [6]
87 674 [9]
960 1444 [5]
137 927 [4]
1453 1488 [0]
192 1000 [9]
1225 1337 [0]
460 1536 [2]
65 146 [0]
126 418 [3]
561 1128 [1]
537 1154 [1]
274 1249 [2]
403 1091 [1]
354 731 [0]
514 1224 [9]
603 1576 [0]
48 935 [0]
80 795 [10]
6 1081 [0]
496 1161 [0]
20 1571 [3]
561 1421 [11]
287 1378 [1]
151 631 [7]
650 1325 [4]
1314 1467 [0]
1020 1213 [7]
379 1423 [4]
580 681 [5]
593 1172 [7]
631 1029 [2]
400 1428 [11]
984 1247 [2]
512 1004 [11]
1041 1152 [0]
149 1523 [2]
778 1345 [7]
815 1060 [0]
59 1394 [10]
186 359 [0]
162 286 [0]
459 710 [3]
629 1109 [8]
658 1536 [0]
304 1257 [1]
1330 1578 [9]
839 938 [0]
142 622 [6]
798 1294 [2]
125 1253 [1]
405 1347 [8]
382 795 [1]
476 993 [4]
71 528 [2]
1245 1331 [0]
1077 1535 [7]
186 770 [3]
346 975 [4]
835 1350 [0]
23 1055 [10]
322 812 [9]
624 1355 [10]
205 1351 [2]
378 744 [11]
827 1381 [0]
140 1076 [0]
543 850 [6]
179 1034 [8]
378 577 [0]
299 1598 [4]
293 1457 [3]
1357 1547 [0]
418 1266 [5]
380 750 [4]
589 1079 [0]
232 547 [1]
102 798 [9]
58 1259 [11]
136 375 [2]
537 1065 [3]
1086 1118 [0]
846 999 [0]
606 1313 [8]
963 1423 [6]
52 1517 [3]
939 1566 [8]
1130 1523 [0]
344 945 [4]
479 844 [9]
135 684 [10]
43 915 [7]
264 1362 [6]
527 1280 [6]
359 1239 [6]
806 868 [0]
1239 1575 [0]
187 666 [4]
11 1413 [0]
954 1491 [0]
817 1148 [1]
665 876 [11]
749 1338 [7]
929 1501 [11]
848 1092 [0]
38 1201 [2]
308 944 [2]
338 418 [0]
679 1245 [10]
134 742 [1]
328 837 [0]
732 743 [0]
231 241 [0]
552 835 [4]
1013 1432 [0]
964 1117 [0]
931 1556 [0]
453 1331 [1]
542 780 [8]
878 1183 [10]
31 1256 [11]
828 1118 [2]
462 875 [0]
106 1094 [2]
813 1149 [3]
638 1584 [6]
233 1554 [2]
386 1272 [10]
722 1441 [2]
303 614 [0]
1168 1515 [3]
259 1124 [2]
381 498 [1]
136 1568 [3]
421 1110 [4]
720 881 [0]
219 1542 [2]
672 1276 [8]
407 1207 [2]
1181 1219 [0]
618 1121 [9]
329 943 [11]
228 1104 [7]
2 1344 [0]
228 1389 [0]
542 560 [0]
12 1008 [11]
128 798 [9]
192 1217 [4]
63 837 [1]
1485 1508 [0]
473 874 [6]
929 1116 [2]
629 681 [0]
1030 1181 [9]
475 678 [0]
1075 1137 [0]
396 1351 [9]
517 907 [4]
1160 1410 [0]
946 1410 [5]
119 807 [5]
532 1504 [0]
649 1350 [1]
937 1394 [5]
357 1160 [6]
238 1162 [9]
693 1523 [0]
209 1479 [6]
120 1018 [7]
202 444 [0]
511 919 [2]
623 703 [0]
146 654 [11]
1136 1516 [3]
734 1001 [0]
214 815 [10]
431 889 [11]
751 1022 [0]
813 1037 [0]
1280 1359 [0]
39 1338 [10]
308 1544 [6]
717 1592 [3]
875 1184 [8]
376 1040 [3]
604 771 [0]
538 928 [0]
523 964 [0]
36 510 [11]
1257 1494 [5]
527 1405 [11]
327 521 [0]
953 1029 [0]
138 651 [2]
861 1358 [3]
951 1197 [2]
411 1191 [3]
763 1523 [2]
92 1194 [3]
129 1221 [5]
3 965 [10]
749 1453 [3]
1185 1446 [0]
523 823 [0]
134 947 [1]
543 1327 [6]
882 983 [0]
469 1524 [0]
123 635 [3]
1207 1570 [0]
422 1011 [10]
962 1516 [8]
614 1535 [6]
1268 1593 [1]
333 639 [9]
101 274 [0]
1002 1362 [1]
1108 1170 [5]
370 1200 [11]
523 1185 [1]
120 245 [0]
129 1001 [3]
719 1448 [3]
928 1110 [0]
357 1132 [1]
1148 1332 [0]
273 1103 [3]
390 803 [3]
80 1491 [2]
903 1506 [0]
157 982 [3]
1306 1573 [10]
407 1353 [2]
205 1215 [11]
191 1245 [11]
440 1353 [0]
38 1150 [1]
267 563 [0]
312 543 [0]
692 879 [0]
352 939 [0]
1055 1142 [0]
480 900 [5]
494 1204 [3]
545 1291 [7]
290 1422 [0]
535 1242 [10]
699 956 [0]
68 572 [3]
994 998 [0]
220 1239 [4]
706 1326 [7]
689 1231 [2]
91 1584 [2]
1105 1469 [9]
519 870 [0]
172 1254 [5]
1 860 [1]
398 739 [4]
455 1538 [3]
112 600 [5]
793 919 [0]
264 520 [9]
223 1453 [2]
212 1175 [4]
1164 1516 [10]
447 607 [0]
924 1453 [1]
358 522 [0]
314 799 [6]
872 1511 [4]
234 1564 [1]
72 196 [0]
415 1496 [10]
679 926 [0]
725 1179 [8]
959 1289 [0]
1053 1363 [0]
1276 1326 [0]
673 849 [0]
291 1385 [11]
179 1390 [8]
130 1112 [0]
237 567 [3]
115 773 [0]
1038 1210 [0]
671 743 [1]
179 730 [0]
760 1457 [0]
79 953 [7]
786 893 [9]
844 1521 [7]
231 402 [0]
1220 1449 [1]
891 1411 [6]
3 1522 [1]
137 147 [0]
654 1490 [5]
177 705 [5]
49 1336 [11]
704 1379 [11]
758 815 [0]
109 565 [0]
592 638 [0]
101 1011 [5]
348 1100 [7]
212 582 [6]
715 801 [0]
310 954 [0]
369 964 [3]
763 1084 [0]
402 1356 [7]
632 1200 [1]
164 973 [2]
516 1309 [0]
698 882 [0]
178 882 [9]
558 1300 [9]
643 728 [0]
263 600 [9]
1095 1298 [0]
327 1199 [2]
234 963 [11]
1288 1574 [1]
594 1162 [10]
1334 1421 [0]
16 208 [8]
78 596 [10]
995 1483 [9]
368 390 [0]
48 913 [8]
118 865 [0]
435 584 [0]
584 1174 [3]
498 546 [0]
164 369 [3]
472 1153 [0]
22 626 [11]
234 602 [1]
96 135 [0]
1029 1306 [0]
1097 1430 [7]
293 965 [6]
385 1301 [6]
280 1157 [10]
446 753 [0]
59 644 [8]
1079 1588 [9]
203 574 [2]
47 1202 [4]
497 1529 [11]
713 1595 [0]
191 1528 [0]
87 1224 [7]
764 1549 [6]
410 1237 [8]
611 1011 [5]
199 1572 [3]
574 1202 [9]
971 1594 [5]
811 1336 [0]
241 341 [2]
1082 1469 [9]
1058 1507 [0]
882 1522 [9]
1188 1231 [0]
647 919 [1]
786 1270 [9]
927 1326 [1]
48 1199 [5]
578 1170 [7]
1020 1111 [0]
356 724 [5]
909 1279 [0]
63 316 [0]
679 1344 [11]
1051 1228 [0]
1057 1154 [0]
56 458 [0]
524 810 [0]
1 541 [1]
649 1169 [10]
711 1093 [0]
425 747 [5]
285 460 [10]
375 986 [5]
505 1166 [3]
561 1581 [11]
772 1273 [9]
647 754 [3]
229 1005 [9]
673 1203 [8]
1004 1420 [2]
203 554 [0]
740 1271 [0]
1069 1187 [0]
590 795 [6]
100 1250 [11]
9 403 [0]
326 939 [5]
1103 1164 [0]
806 1330 [0]
402 1253 [3]
719 1115 [9]
79 842 [4]
535 1034 [10]
1513 1574 [0]
276 1456 [0]
10 961 [7]
185 537 [1]
577 1220 [1]
1270 1509 [0]
648 1318 [4]
16 146 [0]
1012 1149 [0]
517 518 [0]
554 1579 [0]
471 568 [3]
725 1504 [3]
187 1039 [0]
843 1420 [2]
747 1308 [11]
1064 1457 [3]
415 1217 [11]
433 562 [0]
973 1091 [0]
343 856 [8]
1229 1432 [0]
45 131 [0]
1020 1186 [1]
179 829 [11]
227 1368 [9]
100 201 [0]
409 920 [0]
133 282 [0]
101 435 [8]
361 548 [0]
406 865 [4]
425 811 [2]
118 1380 [1]
148 648 [7]
110 455 [11]
222 1459 [6]
160 1299 [1]
680 1370 [11]
943 1503 [6]
782 1518 [5]
113 1446 [4]
524 1576 [0]
402 775 [8]
689 861 [4]
572 859 [1]
438 689 [7]
761 1015 [10]
1280 1467 [6]
14 1336 [1]
1018 1408 [3]
669 1399 [3]
273 712 [5]
80 663 [7]
14 114 [0]
1139 1256 [0]
781 1525 [0]
520 1093 [0]
871 1506 [0]
177 964 [1]
119 224 [0]
479 803 [6]
61 1184 [0]
454 511 [0]
842 852 [0]
506 884 [10]
1181 1476 [7]
40 834 [2]
663 1363 [5]
424 1216 [7]
507 819 [3]
193 804 [7]
853 1373 [0]
591 844 [0]
681 1343 [5]
525 1218 [6]
375 609 [0]
99 586 [0]
502 1565 [1]
30 278 [5]
265 417 [6]
200 1597 [7]
59 1252 [5]
1204 1524 [5]
731 1406 [4]
985 1325 [8]
318 837 [10]
1076 1168 [11]
148 771 [4]
1242 1539 [0]
700 1477 [3]
349 1303 [0]
159 292 [0]
750 1049 [6]
988 1244 [8]
371 513 [0]
268 548 [7]
460 1367 [2]
879 1165 [9]
55 1576 [1]
613 1265 [11]
805 1136 [6]
204 1474 [6]
266 1297 [9]
607 1333 [1]
506 1466 [5]
516 1576 [5]
303 1554 [2]
1281 1594 [0]
937 1369 [5]
150 1134 [2]
93 1479 [9]
692 1470 [5]
496 837 [0]
1146 1538 [7]
604 1233 [8]
28 804 [3]
289 481 [3]
647 792 [6]
471 834 [3]
428 1316 [6]
462 1387 [11]
632 1406 [1]
419 671 [9]
710 1442 [1]
1156 1342 [0]
773 904 [0]
548 1167 [7]
410 1372 [0]
203 954 [8]
470 926 [0]
1097 1574 [6]
470 1378 [1]
183 381 [6]
100 249 [0]
67 1478 [6]
160 370 [4]
75 938 [9]
536 765 [0]
671 1357 [9]
347 598 [2]
368 1555 [7]
659 900 [0]
107 721 [5]
763 891 [4]
830 1092 [2]
1215 1371 [0]
123 1384 [9]
650 1063 [2]
331 838 [0]
608 855 [1]
221 747 [0]
168 1438 [5]
101 1373 [3]
648 1386 [0]
257 787 [5]
981 1242 [5]
378 855 [3]
1070 1360 [0]
534 1025 [0]
27 273 [0]
618 1430 [4]
553 590 [0]
198 832 [11]
723 1441 [0]
274 1244 [8]
470 1443 [3]
133 515 [3]
15 679 [6]
14 529 [0]
942 1258 [7]
691 1469 [2]
709 1498 [2]
605 1140 [3]
759 1392 [5]
788 1090 [0]
198 1032 [4]
226 945 [0]
191 1094 [2]
219 833 [2]
698 1140 [6]
560 1547 [11]
1032 1108 [0]
972 1595 [9]
354 466 [9]
261 900 [1]
940 1424 [6]
1257 1478 [9]
152 1480 [5]
365 1349 [1]
260 1146 [0]
611 636 [0]
497 1527 [2]
15 612 [3]
28 1442 [9]
1397 1466 [8]
704 1355 [0]
614 667 [5]
1454 1576 [1]
784 1462 [2]
411 1329 [3]
560 594 [0]
772 1496 [1]
1054 1165 [0]
197 1063 [5]
90 570 [0]
321 1384 [1]
92 955 [1]
960 1146 [11]
338 1428 [9]
241 1297 [2]
350 755 [0]
1279 1532 [8]
689 1132 [2]
379 688 [1]
927 1114 [10]
869 969 [3]
719 1450 [9]
893 1152 [2]
975 1293 [4]
537 908 [5]
1195 1304 [0]
253 825 [9]
157 661 [10]
738 1308 [1]
71 631 [11]
1043 1065 [0]
6 1343 [0]
112 520 [0]
448 1581 [10]
69 728 [7]
403 1095 [0]
603 1297 [4]
703 1115 [1]
40 1299 [1]
234 837 [9]
167 1393 [11]
230 1221 [11]
329 1147 [1]
170 474 [9]
165 1010 [0]
411 654 [0]
759 1513 [5]
618 1494 [3]
537 767 [6]
87 965 [1]
215 1177 [4]
730 1196 [0]
586 1319 [11]
551 661 [11]
367 1168 [3]
512 777 [1]
663 764 [0]
568 601 [0]
410 1116 [7]
131 848 [2]
1075 1200 [0]
532 1297 [2]
484 1110 [5]
503 847 [0]
450 1213 [1]
533 756 [0]
44 281 [0]
382 967 [1]
296 828 [11]
39 78 [0]
507 1326 [10]
969 1415 [10]
323 503 [0]
237 428 [0]
386 897 [6]
1187 1262 [0]
832 1141 [0]
581 796 [0]
409 1396 [11]
527 643 [3]
186 787 [5]
8 705 [1]
206 535 [0]
159 697 [3]
0 790 [10]
215 393 [6]
272 342 [0]
547 901 [8]
496 1155 [3]
49 541 [6]
949 1506 [2]
491 1384 [3]
400 922 [3]
698 931 [9]
444 1233 [8]
703 1082 [4]
1319 1409 [0]
297 1257 [2]
1379 1423 [0]
464 867 [0]
1263 1303 [9]
1099 1509 [3]
179 264 [0]
571 1073 [5]
726 810 [0]
261 399 [0]
144 374 [0]
430 439 [0]
69 728 [7]
222 705 [6]
246 862 [0]
1023 1585 [0]
66 1425 [7]
383 1007 [1]
9 476 [6]
21 561 [1]
272 636 [1]
7 107 [0]
621 1196 [2]
1372 1538 [0]
696 1207 [2]
253 1588 [0]
1005 1035 [0]
498 826 [6]
950 1276 [3]
879 1153 [5]
221 660 [1]
157 1346 [0]
283 1527 [0]
473 1344 [7]
575 859 [0]
1015 1420 [0]
821 1501 [3]
451 897 [0]
476 1288 [0]
931 1517 [5]
1223 1259 [0]
1045 1400 [0]
71 1131 [11]
350 678 [2]
173 1479 [0]
428 894 [0]
549 1127 [3]
345 1089 [9]
374 1043 [7]
882 1194 [4]
6 1141 [2]
455 494 [0]
700 1268 [3]
346 1264 [10]
121 968 [10]
267 1373 [4]
719 947 [7]
493 857 [10]
347 1229 [6]
1157 1186 [0]
561 834 [11]
683 1565 [4]
474 1317 [6]
714 888 [0]
210 1488 [3]
381 784 [0]
350 861 [11]
456 1365 [11]
1122 1401 [5]
878 1228 [8]
70 392 [7]
23 992 [2]
156 1312 [3]
1209 1237 [0]
360 661 [0]
489 923 [2]
675 1418 [0]
1322 1561 [9]
127 1383 [3]
645 1463 [11]
110 289 [2]
797 1405 [0]
718 843 [0]
27 1124 [1]
228 1102 [9]
707 1459 [11]
1025 1173 [5]
504 692 [0]
1090 1143 [0]
839 1404 [7]
687 963 [5]
96 759 [5]
444 834 [5]
149 616 [0]
203 404 [0]
1034 1160 [0]
475 1100 [5]
42 1410 [10]
44 1032 [8]
217 539 [0]
707 1595 [9]
182 553 [3]
446 1153 [0]
968 1440 [2]
912 1590 [8]
316 540 [0]
0 1222 [6]
436 1266 [1]
327 859 [4]
612 1247 [0]
692 1178 [5]
109 812 [10]
978 1136 [2]
118 225 [3]
613 1391 [3]
58 546 [9]
166 759 [0]
993 1257 [9]
104 1095 [1]
88 455 [8]
670 1482 [0]
949 1208 [0]
1278 1350 [0]
568 1590 [9]
1362 1532 [0]
826 845 [0]
626 1353 [2]
192 1485 [1]
836 1268 [3]
95 1492 [7]
383 843 [1]
874 913 [0]
174 379 [0]
606 1352 [1]
504 765 [10]
439 610 [11]
46 1212 [6]
124 400 [0]
89 1488 [0]
31 1393 [7]
403 1407 [5]
197 210 [0]
11 609 [3]
151 976 [1]
102 1397 [7]
323 383 [6]
274 456 [0]
799 1362 [0]
80 1540 [9]
843 1042 [10]
385 1087 [8]
267 812 [2]
153 1304 [5]
716 758 [0]
422 1302 [7]
572 968 [0]
839 1372 [8]
502 1037 [3]
36 1193 [3]
828 1067 [0]
260 466 [6]
1356 1576 [4]
510 581 [0]
127 295 [0]
550 1003 [8]
688 1170 [2]
729 857 [0]
642 1528 [6]
196 1021 [6]
1261 1322 [0]
671 1152 [8]
211 379 [1]
38 138 [2]
972 1103 [0]
959 1362 [7]
568 926 [4]
585 1274 [11]
241 1010 [3]
297 1325 [7]
193 701 [0]
567 1575 [10]
146 1506 [8]
216 1197 [2]
822 1565 [9]
32 594 [5]
938 1299 [11]
174 1543 [7]
304 951 [1]
867 1494 [10]
337 399 [10]
131 687 [0]
1255 1306 [0]
1024 1215 [1]
139 877 [0]
228 244 [0]
902 1071 [5]
1186 1477 [9]
107 1025 [7]
987 1044 [0]
492 802 [3]
123 285 [8]
500 843 [3]
1301 1569 [3]
823 887 [0]
740 1495 [1]
761 1429 [3]
205 1350 [2]
603 966 [1]
461 870 [1]
126 1040 [0]
253 1415 [9]
43 934 [0]
1008 1316 [0]
977 1036 [0]
157 650 [8]
606 1382 [1]
186 1461 [1]
125 152 [0]
1276 1420 [0]
1286 1463 [0]
541 1313 [6]
385 621 [0]
1370 1566 [0]
189 1470 [4]
46 315 [0]
162 847 [4]
1029 1464 [10]
458 1252 [0]
772 1034 [0]
175 1165 [5]
465 579 [10]
777 1020 [8]
49 62 [0]
85 192 [0]
333 1034 [7]
869 1113 [7]
195 1202 [10]
143 1413 [11]
878 1356 [6]
822 1211 [3]
162 1238 [0]
10 116 [0]
308 911 [5]
939 1114 [4]
826 934 [3]
212 712 [10]
1277 1469 [10]
164 943 [10]
399 500 [0]
292 957 [4]
523 1562 [1]
363 826 [3]
1439 1459 [0]
1136 1166 [8]
5 1322 [8]
387 646 [7]
567 587 [0]
290 1242 [9]
337 340 [0]
390 978 [5]
304 587 [0]
223 455 [3]
281 1455 [6]
1200 1304 [0]
296 1077 [9]
808 1254 [4]
215 886 [4]
89 301 [11]
50 444 [6]
234 364 [0]
177 1167 [11]
247 510 [2]
599 657 [0]
1105 1319 [1]
795 1335 [10]
239 1260 [11]
442 1454 [8]
1098 1585 [0]
29 1529 [8]
541 1024 [4]
1325 1422 [0]
308 1538 [8]
478 579 [0]
477 1545 [5]
649 1131 [6]
274 1204 [1]
307 1171 [0]
569 1400 [1]
1332 1453 [0]
259 1132 [5]
126 626 [3]
768 953 [5]
111 680 [5]
690 1295 [0]
227 1067 [5]
194 749 [3]
17 1327 [10]
365 516 [0]
176 1389 [2]
514 750 [0]
155 1411 [1]
485 551 [0]
480 1014 [0]
751 1441 [2]
991 1059 [0]
781 1321 [0]
867 1247 [8]
229 1594 [1]
668 845 [0]
47 286 [11]
763 1181 [9]
686 1259 [8]
149 765 [5]
322 800 [0]
1063 1430 [0]
981 1197 [7]
692 1540 [11]
653 813 [0]
673 1594 [8]
1276 1427 [11]
719 1199 [9]
1541 1576 [0]
1226 1434 [0]
684 1050 [6]
137 1122 [6]
218 1121 [10]
1174 1549 [0]
900 1075 [10]
630 665 [0]
453 1497 [9]
319 429 [0]
1197 1318 [0]
175 1548 [5]
315 442 [0]
202 470 [0]
890 1261 [11]
716 1286 [5]
607 1512 [1]
1137 1474 [10]
87 135 [3]
1365 1593 [1]
1057 1204 [0]
531 1288 [5]
341 1063 [5]
69 566 [0]
1284 1579 [2]
1297 1415 [0]
164 658 [4]
1322 1369 [0]
569 1016 [3]
228 1002 [3]
305 698 [1]
395 782 [11]
409 1505 [0]
318 1235 [0]
534 1294 [10]
1064 1117 [0]
281 357 [10]
428 1080 [11]
68 1046 [2]
624 1484 [10]
300 975 [4]
925 1545 [6]
21 335 [9]
111 248 [0]
850 1140 [0]
422 525 [0]
1267 1275 [0]
104 215 [0]
287 1036 [1]
609 1384 [5]
51 548 [7]
995 1393 [5]
16 587 [10]
684 1471 [1]
629 704 [5]
477 1122 [0]
372 1578 [3]
1255 1538 [0]
751 848 [8]
846 872 [10]
734 1008 [0]
454 1596 [11]
827 1411 [3]
211 400 [0]
523 1293 [1]
1185 1574 [2]
605 1194 [0]
70 1425 [0]
856 1288 [8]
600 978 [7]
1247 1249 [0]
921 1534 [0]
151 380 [3]
1051 1230 [0]
154 1464 [1]
219 505 [8]
417 1536 [7]
721 820 [0]
322 412 [0]
164 953 [3]
650 1384 [8]
211 722 [6]
68 1558 [2]
292 331 [0]
215 1464 [0]
97 849 [4]
423 1571 [1]
258 970 [10]
451 1566 [3]
656 1471 [0]
412 1118 [5]
503 1196 [0]
725 1507 [10]
203 1338 [1]
525 1155 [9]
987 1137 [2]
606 913 [8]
15 321 [0]
192 888 [3]
126 454 [0]
970 1256 [7]
807 1527 [0]
237 782 [5]
287 510 [0]
35 565 [0]
224 1597 [6]
396 835 [10]
786 1394 [5]
136 717 [8]
264 1558 [0]
121 202 [0]
477 621 [0]
1411 1531 [0]
902 1583 [10]
171 1046 [0]
987 1079 [0]
1117 1184 [2]
393 753 [9]
147 1225 [4]
997 1078 [5]
104 1363 [9]
1064 1365 [9]
209 1185 [0]
821 848 [8]
770 1532 [5]
848 861 [0]
695 923 [1]
869 1078 [0]
105 763 [1]
558 802 [0]
619 1547 [11]
27 868 [10]
123 718 [3]
137 970 [0]
71 660 [2]
902 1397 [7]
634 1441 [1]
72 348 [0]
749 896 [0]
1380 1554 [0]
555 737 [0]
889 1512 [0]
1112 1301 [11]
1051 1279 [1]
1183 1482 [5]
842 1322 [10]
196 853 [8]
898 1566 [0]
241 681 [11]
273 1556 [5]
337 1130 [10]
607 1562 [0]
1136 1186 [0]
3 1186 [9]
806 1490 [9]
66 1121 [10]
483 1231 [9]
308 328 [0]
1151 1205 [0]
568 1271 [2]
906 1020 [7]
547 1531 [10]
420 1431 [3]
257 940 [9]
854 1299 [1]
564 1230 [0]
252 1174 [7]
230 1492 [11]
137 1219 [9]
202 356 [9]
336 1454 [8]
321 1050 [4]
331 1267 [8]
305 390 [0]
59 607 [1]
10 1523 [11]
185 1306 [10]
266 735 [0]
880 1388 [0]
729 961 [6]
38 175 [2]
57 1479 [7]
688 846 [3]
602 1264 [11]
139 1030 [6]
703 1182 [6]
713 1468 [7]
1291 1367 [5]
303 664 [6]
905 935 [0]
356 1219 [10]
197 626 [10]
752 1234 [0]
1106 1240 [10]
251 478 [6]
528 1551 [8]
1012 1101 [0]
747 1390 [10]
1052 1078 [0]
293 643 [2]
818 1432 [5]
411 590 [11]
984 1208 [1]
252 1080 [0]
70 118 [0]
744 792 [0]
744 1531 [5]
515 790 [0]
65 1177 [7]
256 1036 [10]
12 279 [0]
418 658 [11]
67 327 [1]
178 1030 [10]
18 1486 [2]
785 1195 [3]
149 303 [0]
444 734 [3]
255 407 [0]
188 1152 [10]
1239 1301 [0]
876 1255 [2]
50 1476 [0]
1204 1471 [8]
220 1415 [3]
67 919 [2]
248 551 [6]
582 979 [2]
203 1511 [7]
373 410 [0]
546 620 [0]
362 669 [7]
428 530 [0]
1247 1374 [7]
1095 1122 [0]
678 1429 [0]
94 892 [0]
398 417 [0]
358 1378 [0]
301 1336 [0]
230 1141 [7]
73 1253 [11]
234 653 [11]
671 1434 [6]
700 878 [0]
250 1262 [10]
54 523 [9]
12 380 [2]
128 136 [0]
347 889 [8]
148 1062 [1]
733 1189 [0]
982 1567 [8]
1159 1331 [0]
356 909 [7]
93 929 [10]
740 1484 [1]
426 562 [0]
724 1571 [0]
665 978 [7]
931 1346 [7]
596 776 [4]
389 688 [0]
622 1449 [3]
488 1133 [10]
1293 1424 [0]
391 993 [6]
399 1329 [4]
283 938 [6]
52 408 [2]
134 327 [0]
1086 1590 [1]
368 1392 [3]
613 1104 [4]
15 1235 [4]
566 1530 [1]
18 507 [10]
1124 1540 [8]
505 1251 [2]
133 1414 [11]
434 709 [0]
892 1179 [10]
576 1076 [9]
769 1046 [2]
391 420 [0]
839 1046 [0]
1188 1248 [0]
530 670 [6]
824 1043 [0]
886 1195 [10]
18 1056 [11]
1035 1348 [7]
995 1519 [0]
1163 1419 [0]
55 1500 [1]
149 847 [4]
516 907 [3]
106 1229 [10]
869 963 [0]
132 990 [11]
44 968 [0]
898 1237 [8]
848 976 [8]
864 1241 [3]
802 1480 [6]
33 1142 [1]
232 1424 [7]
55 271 [8]
226 1217 [5]
384 1380 [1]
1103 1471 [4]
305 370 [0]
619 822 [6]
113 1168 [6]
988 992 [0]
699 1521 [5]
203 1074 [8]
980 1517 [0]
284 775 [0]
47 150 [0]
334 1019 [4]
127 1103 [6]
819 1500 [5]
1270 1465 [0]
106 1030 [1]
257 1342 [1]
970 1142 [0]
608 768 [1]
783 1110 [4]
1045 1453 [6]
457 1509 [2]
323 443 [11]
966 1364 [8]
454 696 [8]
99 328 [8]
36 866 [0]
667 1095 [10]
1119 1278 [0]
451 1565 [0]
383 1573 [9]
79 1092 [4]
23 82 [0]
858 1599 [6]
45 367 [0]
780 1274 [11]
138 867 [11]
882 1242 [3]
898 1099 [0]
870 1444 [3]
925 1222 [1]
177 455 [0]
882 1075 [11]
932 1500 [1]
969 1181 [8]
47 261 [0]
33 1303 [0]
1099 1256 [0]
1042 1220 [5]
57 1235 [1]
342 459 [0]
149 1154 [9]
673 1511 [8]
54 1332 [7]
1394 1539 [0]
34 1351 [10]
399 685 [5]
1098 1360 [11]
683 886 [0]
3 635 [0]
141 715 [6]
468 668 [0]
869 1594 [9]
271 633 [5]
241 775 [8]
152 1223 [8]
117 1273 [5]
94 1199 [5]
842 1092 [0]
235 479 [0]
846 1424 [6]
184 271 [0]
803 1139 [0]
988 1150 [2]
84 330 [0]
1021 1352 [0]
551 1572 [3]
1006 1474 [0]
1386 1487 [0]
744 1364 [11]
1003 1020 [0]
916 1108 [1]
924 1221 [0]
128 1390 [7]
376 1006 [4]
662 1173 [10]
1194 1441 [1]
732 1257 [10]
423 865 [0]
215 1341 [11]
1215 1338 [0]
132 1205 [7]
106 640 [0]
961 1102 [0]
370 693 [8]
415 736 [0]
1116 1397 [7]
266 1192 [1]
840 1233 [0]
521 1072 [10]
805 1110 [6]
1565 1579 [0]
432 592 [0]
1026 1366 [9]
650 757 [0]
1051 1550 [1]
337 377 [0]
1025 1270 [7]
269 944 [8]
285 419 [4]
1124 1422 [2]
26 60 [0]
547 684 [0]
189 1482 [10]
382 1510 [10]
1202 1329 [0]
273 405 [0]
754 1150 [9]
926 1462 [3]
1058 1271 [3]
49 543 [7]
595 818 [0]
403 1315 [6]
72 1236 [7]
658 1412 [1]
808 979 [0]
717 856 [0]
1263 1486 [2]
1403 1592 [0]
1283 1394 [0]
439 938 [8]
132 184 [10]
30 461 [4]
489 1280 [3]
542 791 [6]
217 476 [0]
217 1290 [5]
56 837 [3]
548 1084 [9]
487 557 [0]
449 1456 [4]
479 1458 [5]
119 547 [3]
277 966 [4]
132 158 [0]
119 1356 [0]
851 864 [0]
877 1353 [0]
1041 1465 [2]
335 510 [1]
892 993 [0]
11 861 [4]
327 1051 [8]
382 1557 [9]
158 1086 [0]
80 205 [0]
586 1245 [1]
289 356 [0]
186 837 [7]
1111 1136 [0]
569 1257 [0]
346 1542 [10]
1048 1269 [2]
1032 1575 [6]
455 1202 [7]
598 1580 [9]
463 734 [4]
37 178 [0]
222 366 [0]
450 1065 [1]
346 715 [6]
684 982 [0]
819 1344 [5]
201 843 [10]
366 1288 [2]
233 1316 [3]
232 701 [0]
11 1567 [1]
348 1250 [4]
446 825 [5]
1007 1208 [3]
493 1241 [5]
134 1436 [1]
222 1397 [7]
1326 1354 [2]
161 1485 [9]
273 1276 [8]
68 974 [9]
278 483 [0]
625 1399 [0]
468 753 [11]
485 703 [1]
541 962 [0]
536 1281 [5]
941 1163 [0]
177 677 [1]
672 1312 [3]
101 1588 [5]
175 1575 [3]
120 1481 [0]
511 564 [5]
707 1237 [0]
835 1291 [3]
1095 1404 [5]
936 1103 [4]
1282 1555 [0]
309 555 [0]
523 1547 [9]
924 1221 [0]
123 952 [6]
531 1145 [9]
861 985 [0]
1222 1344 [1]
766 953 [7]
391 1401 [3]
847 960 [0]
73 74 [0]
66 750 [6]
84 944 [4]
113 1497 [4]
400 1432 [5]
890 1549 [11]
486 900 [5]
785 1360 [1]
233 1598 [4]
386 586 [0]
983 1302 [3]
420 1458 [7]
722 1384 [0]
361 717 [3]
1028 1459 [9]
4 241 [0]
8 1062 [0]
579 1430 [6]
147 461 [8]
371 860 [0]
1454 1529 [0]
731 1137 [3]
505 553 [0]
537 715 [0]
883 1371 [7]
572 1526 [0]
216 908 [10]
1450 1461 [0]
828 936 [0]
385 820 [6]
549 1432 [6]
633 654 [0]
857 1031 [4]
565 1082 [5]
1252 1486 [8]
0 824 [7]
343 1464 [0]
633 846 [8]
521 666 [4]
33 907 [4]
667 1208 [6]
173 525 [0]
333 1510 [4]
534 1155 [5]
559 1067 [6]
698 1222 [6]
1280 1384 [6]
89 157 [0]
441 1559 [6]
170 577 [0]
223 1424 [10]
697 1483 [2]
107 397 [0]
836 1568 [0]
285 1498 [6]
203 390 [3]
172 334 [0]
423 1336 [3]
1069 1551 [0]
249 658 [1]
861 1488 [3]
632 691 [0]
999 1356 [0]
782 1438 [0]
113 1113 [7]
72 1541 [4]
165 204 [0]
6 577 [7]
578 663 [0]
478 1013 [2]
1135 1219 [0]
1125 1470 [0]
748 1117 [9]
758 1296 [5]
87 274 [9]
459 518 [5]
258 1195 [5]
986 1135 [0]
185 429 [0]
544 1581 [0]
453 883 [8]
600 1150 [11]
7 183 [6]
1261 1345 [0]
98 1047 [0]
208 756 [0]
135 652 [1]
183 1477 [11]
346 1151 [9]
1024 1592 [10]
128 997 [0]
667 857 [0]
238 454 [11]
359 1363 [6]
567 685 [4]
430 724 [5]
762 1410 [5]
60 99 [0]
143 246 [0]
558 849 [0]
671 674 [0]
1024 1381 [9]
52 580 [3]
627 694 [9]
1070 1403 [2]
335 700 [6]
280 802 [10]
121 1094 [0]
478 1462 [6]
370 1170 [9]
45 1166 [8]
834 1471 [6]
183 220 [0]
758 982 [6]
1396 1530 [0]
980 1249 [11]
224 1189 [1]
578 941 [0]
207 750 [2]
499 543 [0]
537 696 [0]
333 1574 [8]
831 1399 [0]
115 1341 [8]
903 1217 [11]
1115 1233 [0]
83 261 [1]
901 1428 [7]
195 1549 [4]
649 899 [0]
332 925 [6]
113 815 [5]
995 1307 [5]
175 408 [0]
28 314 [9]
891 1341 [1]
380 926 [7]
1176 1400 [0]
227 803 [4]
1063 1106 [0]
653 943 [1]
50 327 [1]
467 919 [2]
710 1547 [11]
239 495 [0]
949 1270 [9]
943 984 [2]
294 478 [0]
148 373 [7]
269 1574 [5]
1249 1456 [9]
27 456 [10]
181 763 [2]
953 1358 [1]
512 1122 [2]
518 1066 [7]
376 745 [0]
599 1472 [11]
1058 1320 [3]
1380 1571 [0]
672 852 [2]
485 1591 [7]
313 899 [11]
1508 1516 [0]
76 95 [0]
645 940 [0]
223 328 [3]
59 799 [0]
388 1546 [0]
907 1524 [6]
63 1323 [0]
402 831 [3]
313 1052 [11]
379 1469 [11]
886 1300 [7]
698 1276 [10]
1459 1540 [0]
1007 1294 [0]
501 600 [0]
1077 1347 [0]
83 547 [11]
868 950 [0]
1078 1527 [10]
702 1572 [1]
734 1537 [1]
125 1577 [2]
36 618 [0]
103 1215 [2]
187 335 [4]
300 1536 [2]
629 1209 [0]
247 744 [11]
135 940 [10]
272 433 [11]
92 696 [4]
1185 1264 [5]
699 1465 [8]
633 1380 [6]
347 1397 [3]
1088 1435 [0]
288 1490 [4]
172 649 [9]
255 314 [0]
16 177 [0]
336 1393 [0]
1141 1253 [0]
472 1469 [7]
500 981 [11]
104 552 [0]
523 1260 [9]
982 1570 [4]
160 952 [2]
605 1345 [9]
971 998 [0]
142 1535 [9]
1092 1473 [4]
351 1526 [0]
176 796 [0]
576 817 [3]
188 940 [8]
555 957 [2]
898 1184 [1]
197 1498 [6]
395 1346 [4]
1283 1443 [11]
699 1531 [6]
287 501 [1]
1109 1573 [2]
57 319 [0]
539 700 [0]
1266 1569 [0]
951 1119 [0]
222 412 [5]
325 527 [0]
18 528 [1]
698 878 [1]
201 212 [0]
1137 1348 [0]
879 1553 [3]
401 1313 [5]
430 1045 [6]
503 1429 [3]
472 801 [9]
676 836 [0]
916 1562 [0]
536 1293 [4]
496 1446 [1]
417 1418 [7]
931 1559 [6]
476 901 [3]
452 507 [10]
31 788 [3]
370 803 [3]
1019 1362 [8]
707 1250 [6]
1210 1346 [0]
1377 1525 [0]
429 1109 [2]
56 1009 [2]
1299 1361 [0]
185 542 [1]
990 1094 [0]
129 387 [0]
474 583 [0]
278 517 [0]
183 251 [2]
52 868 [6]
4 1563 [6]
906 1213 [0]
532 652 [0]
507 650 [0]
120 1506 [3]
767 1021 [0]
389 854 [2]
77 792 [8]
864 1022 [0]
321 975 [8]
485 1049 [11]
1117 1474 [7]
282 1528 [5]
757 1330 [10]
832 1244 [8]
30 262 [0]
868 900 [0]
85 712 [3]
7 1484 [2]
256 277 [0]
1250 1448 [6]
78 1379 [8]
74 1452 [1]
924 940 [0]
74 1413 [1]
274 709 [6]
630 1285 [2]
5 1312 [0]
71 518 [7]
430 930 [7]
449 754 [0]
363 1432 [6]
477 1366 [10]
602 665 [9]
809 1391 [9]
876 1356 [11]
1370 1503 [0]
80 1000 [7]
951 1187 [3]
643 1103 [3]
976 1491 [7]
751 1414 [3]
938 1332 [1]
22 145 [0]
196 734 [4]
213 1132 [0]
643 1598 [2]
1238 1368 [0]
956 1215 [11]
841 1211 [10]
452 1021 [6]
1272 1322 [1]
382 783 [0]
1073 1524 [5]
86 1261 [9]
177 1558 [2]
339 1325 [0]
87 879 [9]
671 748 [9]
674 1016 [0]
1110 1419 [8]
477 1448 [7]
959 1367 [3]
569 1529 [5]
718 1356 [2]
772 1444 [0]
561 1588 [1]
945 1059 [0]
46 890 [10]
610 1578 [0]
362 1336 [11]
339 938 [5]
384 1349 [4]
890 956 [0]
991 1337 [5]
554 1059 [7]
198 917 [4]
512 636 [0]
1140 1511 [2]
236 383 [0]
972 1576 [5]
567 979 [3]
108 953 [7]
1194 1531 [3]
667 688 [0]
794 995 [9]
944 1032 [0]
99 1041 [10]
717 1187 [1]
709 997 [0]
883 887 [0]
131 285 [0]
731 872 [3]
356 1168 [1]
164 1484 [4]
562 710 [3]
1256 1527 [5]
480 1246 [0]
1398 1562 [4]
345 499 [0]
497 925 [0]
561 748 [0]
642 1451 [6]
351 1573 [0]
411 530 [0]
240 610 [0]
264 1368 [5]
45 1070 [3]
1301 1494 [0]
32 1119 [9]
1397 1465 [0]
1106 1528 [4]
591 947 [6]
236 1508 [6]
908 1552 [1]
94 674 [10]
541 791 [0]
940 1215 [1]
1074 1540 [0]
1191 1358 [0]
93 1252 [6]
1017 1380 [3]
263 291 [0]
717 1293 [8]
0 215 [1]
94 1562 [4]
683 1114 [10]
1013 1496 [1]
952 1164 [0]
606 1324 [11]
183 655 [3]
413 556 [0]
389 890 [9]
1087 1318 [0]
216 241 [8]
49 1498 [4]
324 1513 [0]
914 1548 [0]
118 1540 [1]
156 171 [0]
577 739 [0]
142 875 [7]
689 1077 [7]
37 1514 [1]
214 1254 [11]
310 660 [0]
580 689 [0]
978 1114 [0]
406 1317 [4]
68 164 [0]
534 863 [0]
140 271 [7]
466 1479 [0]
1230 1296 [5]
337 1376 [9]
6 1133 [11]
1107 1173 [7]
1302 1403 [0]
192 664 [3]
124 1036 [3]
609 1537 [1]
606 665 [0]
1223 1379 [1]
149 891 [4]
1123 1254 [0]
121 938 [6]
501 633 [0]
151 821 [3]
598 1323 [6]
660 1433 [3]
885 1189 [2]
486 1015 [9]
683 810 [0]
1103 1320 [11]
313 886 [11]
274 1471 [6]
795 1419 [9]
1152 1360 [0]
1131 1181 [0]
1434 1532 [0]
164 551 [4]
802 1383 [9]
1111 1537 [5]
312 1456 [4]
1247 1503 [6]
190 901 [0]
607 1302 [5]
439 1130 [9]
1173 1314 [2]
106 111 [0]
579 1095 [4]
539 1329 [10]
668 1069 [8]
347 582 [0]
9 598 [0]
1030 1444 [0]
672 1054 [10]
290 1358 [11]
809 812 [0]
318 427 [0]
196 456 [3]
297 317 [0]
237 503 [8]
673 856 [0]
417 1188 [9]
223 1410 [6]
35 1389 [2]
788 1459 [10]
339 485 [0]
375 416 [0]
233 630 [5]
134 632 [11]
126 1102 [4]
76 1061 [10]
254 1358 [9]
671 705 [0]
89 170 [11]
305 1253 [3]
968 1571 [5]
1147 1547 [0]
147 709 [2]
18 613 [10]
349 1334 [11]
500 1146 [3]
754 1135 [3]
882 1193 [9]
785 789 [0]
243 346 [0]
189 816 [0]
791 1220 [11]
342 763 [5]
1411 1524 [0]
540 1119 [10]
460 1217 [4]
692 1128 [9]
473 1333 [3]
920 1518 [4]
202 1412 [3]
26 246 [7]
1127 1382 [0]
192 691 [0]
145 364 [0]
844 1557 [9]
66 1282 [4]
943 950 [0]
492 1457 [0]
86 1585 [0]
257 1347 [11]
476 669 [1]
1242 1578 [11]
1258 1503 [4]
644 1529 [6]
473 656 [0]
575 1048 [1]
338 492 [8]
1016 1416 [9]
591 680 [0]
196 585 [0]
153 1551 [9]
273 895 [11]
468 527 [0]
20 1456 [7]
379 1329 [6]
640 743 [2]
541 1135 [4]
1012 1442 [7]
477 1220 [4]
307 1268 [0]
158 296 [0]
569 1497 [4]
494 1206 [6]
381 1087 [0]
130 530 [1]
525 1350 [9]
600 758 [4]
34 249 [0]
1007 1493 [1]
340 450 [0]
766 812 [0]
282 344 [0]
499 1147 [4]
716 1455 [5]
276 713 [0]
380 1567 [2]
660 1271 [3]
11 417 [6]
631 953 [0]
243 1247 [6]
649 867 [0]
238 1017 [7]
419 635 [0]
490 1456 [7]
975 1042 [0]
1035 1204 [0]
939 996 [0]
375 841 [10]
1032 1235 [7]
455 631 [3]
542 805 [4]
268 328 [0]
582 1459 [5]
1258 1421 [0]
567 886 [0]
188 818 [1]
128 1087 [7]
134 1340 [1]
944 1339 [0]
186 262 [0]
852 1022 [8]
474 1099 [6]
1080 1337 [2]
72 904 [7]
560 1431 [2]
947 1280 [2]
620 1371 [0]
391 425 [0]
45 901 [4]
1257 1309 [0]
413 1281 [0]
606 1157 [7]
454 1260 [2]
267 1253 [5]
574 1438 [1]
574 629 [5]
205 393 [11]
1027 1595 [0]
704 1469 [0]
566 1486 [0]
185 960 [8]
519 1480 [0]
174 816 [7]
511 548 [0]
164 345 [0]
677 896 [0]
146 1064 [1]
445 1321 [8]
630 808 [0]
673 1018 [8]
1327 1344 [0]
38 879 [1]
295 1018 [1]
378 809 [10]
979 1459 [7]
524 1337 [8]
163 988 [5]
861 1177 [7]
564 1201 [0]
522 1392 [1]
10 1082 [4]
249 926 [11]
593 1194 [11]
668 1507 [0]
746 1279 [6]
479 1179 [7]
596 973 [0]
601 1426 [0]
743 1130 [0]
399 724 [7]
1052 1273 [0]
1213 1251 [0]
887 1444 [4]
866 1095 [4]
793 1240 [0]
467 988 [2]
759 784 [0]
484 992 [2]
168 229 [0]
18 1251 [0]
796 1500 [9]
425 473 [9]
39 1062 [6]
476 1350 [10]
885 955 [0]
52 431 [6]
669 988 [7]
412 738 [5]
424 439 [0]
155 161 [0]
154 1331 [3]
288 617 [10]
10 1119 [5]
1448 1598 [0]
1225 1597 [0]
218 422 [11]
1001 1598 [6]
1563 1583 [0]
1010 1363 [7]
238 1245 [2]
10 874 [4]
15 712 [11]
729 1120 [5]
1462 1522 [0]
92 944 [6]
147 774 [3]
1174 1498 [5]
870 1509 [10]
1006 1356 [3]
588 799 [0]
416 1554 [0]
99 764 [0]
664 1432 [6]
510 1298 [1]
568 661 [6]
464 998 [0]
710 1373 [0]
90 147 [0]
1484 1522 [0]
205 940 [11]
950 1105 [0]
178 1387 [0]
102 277 [5]
572 1052 [6]
42 1451 [3]
1175 1240 [0]
34 1375 [7]
1289 1461 [0]
228 550 [0]
74 735 [0]
1133 1369 [0]
164 861 [11]
517 1164 [9]
127 1314 [0]
38 42 [0]
174 223 [0]
705 1367 [5]
475 1002 [10]
333 644 [0]
998 1045 [0]
505 506 [0]
907 1317 [8]
616 878 [2]
957 1072 [0]
986 1096 [0]
270 389 [0]
44 538 [8]
1511 1531 [0]
132 1229 [0]
746 907 [0]
409 1286 [5]
1354 1445 [0]
36 1217 [9]
670 1192 [1]
323 830 [10]
1062 1323 [0]
418 950 [3]
1302 1444 [7]
823 1473 [9]
167 430 [0]
759 1413 [2]
68 923 [2]
1499 1572 [0]
56 346 [0]
1121 1290 [0]
908 1188 [5]
307 474 [11]
385 758 [4]
34 1041 [4]
288 1101 [0]
467 854 [0]
11 24 [0]
526 1426 [2]
845 1484 [3]
576 1297 [3]
894 1359 [7]
104 514 [4]
538 905 [10]
1050 1222 [0]
913 1071 [10]
1239 1560 [10]
166 1444 [7]
122 697 [3]
967 1453 [11]
1026 1539 [9]
1351 1397 [0]
57 650 [8]
1112 1293 [0]
1191 1290 [0]
226 534 [0]
959 1058 [0]
710 908 [5]
403 937 [4]
1140 1529 [0]
975 1513 [10]
413 1412 [6]
615 1500 [0]
98 465 [0]
24 1482 [8]
907 1103 [10]
648 789 [0]
151 651 [0]
60 93 [0]
137 781 [9]
1329 1570 [7]
2 624 [0]
547 669 [0]
1216 1421 [10]
134 644 [6]
1291 1339 [0]
100 888 [1]
126 603 [5]
400 1008 [4]
33 1427 [0]
524 1017 [9]
229 1095 [4]
386 528 [0]
76 582 [0]
342 631 [8]
622 1458 [0]
1075 1301 [6]
1144 1321 [3]
24 1274 [0]
142 333 [0]
389 1083 [2]
884 1217 [0]
821 1018 [0]
432 982 [3]
5 113 [0]
1058 1349 [6]
1105 1471 [6]
302 950 [7]
947 1466 [11]
906 1243 [2]
489 1570 [5]
1284 1392 [0]
131 804 [8]
463 1080 [7]
1229 1440 [9]
1112 1403 [5]
607 667 [6]
128 844 [0]
124 805 [4]
558 1258 [7]
933 1233 [10]
78 584 [0]
173 870 [3]
162 928 [4]
478 980 [10]
503 1015 [10]
114 1030 [10]
961 1049 [0]
141 662 [0]
881 1143 [0]
42 52 [0]
428 1470 [5]
632 703 [11]
493 1338 [10]
210 288 [0]
293 906 [2]
1232 1242 [4]
66 747 [0]
291 1433 [11]
591 1064 [4]
953 1036 [1]
253 1044 [9]
887 1269 [4]
22 651 [0]
104 1552 [11]
1284 1473 [3]
362 612 [10]
402 1286 [7]
55 600 [5]
961 1498 [7]
160 979 [11]
1237 1436 [5]
452 1033 [11]
835 1055 [5]
244 1314 [5]
699 1392 [0]
1232 1392 [0]
580 1362 [1]
1540 1551 [0]
917 1490 [0]
435 1472 [11]
383 1482 [0]
223 1385 [7]
188 221 [0]
66 1506 [11]
715 1212 [2]
22 1078 [2]
946 1067 [2]
561 1143 [3]
7 722 [0]
457 1115 [5]
11 775 [1]
526 1502 [0]
1064 1417 [9]
571 1169 [0]
309 1437 [0]
27 518 [5]
54 489 [5]
9 791 [1]
613 1070 [3]
171 603 [4]
181 655 [5]
632 1218 [3]
732 1258 [10]
568 741 [0]
696 1358 [1]
85 553 [0]
164 525 [4]
1436 1521 [0]
727 1478 [4]
637 1157 [9]
818 927 [0]
763 1308 [1]
831 1366 [1]
207 1529 [10]
1035 1308 [11]
371 1335 [11]
1100 1359 [0]
334 417 [0]
323 338 [0]
167 182 [0]
23 771 [4]
655 1031 [7]
250 1100 [0]
517 1580 [7]
463 1589 [7]
503 995 [7]
431 1419 [8]
254 1051 [1]
562 655 [0]
720 1108 [1]
314 964 [7]
574 1572 [3]
332 506 [0]
323 1117 [7]
306 426 [0]
25 1199 [0]
776 1104 [0]
290 398 [0]
51 961 [3]
337 995 [8]
78 1330 [10]
1012 1223 [10]
190 660 [2]
474 1389 [6]
287 1049 [2]
1459 1466 [0]
1296 1337 [0]
430 780 [6]
876 1422 [7]
472 1139 [2]
461 991 [0]
91 813 [7]
911 1044 [11]
520 976 [10]
798 819 [0]
741 1220 [5]
255 686 [9]
508 681 [11]
1175 1465 [6]
494 604 [0]
294 1588 [1]
167 764 [4]
737 1571 [4]
546 893 [1]
338 696 [10]
409 1020 [4]
152 406 [0]
625 1234 [0]
640 967 [1]
710 1587 [7]
312 1369 [10]
103 1044 [2]
450 680 [9]
1047 1319 [2]
469 891 [6]
1276 1479 [5]
702 820 [1]
129 1366 [9]
795 1452 [1]
220 1315 [4]
1088 1429 [0]
379 1126 [7]
738 1183 [5]
82 692 [5]
239 906 [0]
1264 1310 [0]
58 1438 [1]
420 989 [10]
20 1500 [1]
356 729 [1]
657 1268 [9]
167 219 [2]
77 369 [0]
1118 1370 [11]
1044 1082 [0]
201 1022 [11]
169 703 [6]
203 1486 [8]
775 1281 [6]
984 1529 [10]
201 658 [1]
638 1410 [10]
621 1345 [3]
130 1265 [1]
780 1574 [10]
40 882 [9]
611 1490 [5]
491 817 [2]
860 1473 [11]
464 887 [3]
182 1456 [11]
485 1523 [2]
116 687 [0]
1098 1305 [11]
1099 1305 [4]
470 1550 [8]
874 1313 [0]
619 765 [0]
365 438 [0]
469 936 [0]
430 776 [9]
235 1262 [7]
359 926 [1]
848 1228 [6]
392 1243 [3]
18 394 [0]
334 633 [5]
540 563 [0]
1179 1439 [0]
50 1482 [1]
977 1511 [4]
124 125 [0]
594 1474 [0]
1238 1496 [0]
774 1114 [4]
1042 1324 [7]
551 1027 [7]
673 1104 [6]
171 1083 [2]
510 1191 [4]
647 1096 [0]
389 1414 [11]
936 1377 [5]
651 878 [3]
685 788 [0]
713 1320 [7]
247 1092 [8]
295 821 [9]
840 1203 [0]
851 1475 [3]
977 1082 [0]
377 1424 [10]
1150 1242 [7]
445 542 [0]
330 772 [0]
627 1097 [0]
216 1417 [0]
418 1400 [3]
337 865 [5]
510 1390 [10]
631 661 [0]
437 1292 [2]
708 1145 [0]
1061 1363 [0]
258 1472 [0]
642 980 [6]
47 839 [1]
393 601 [8]
407 1339 [7]
754 1332 [3]
670 1247 [4]
260 626 [2]
642 866 [0]
452 686 [0]
1260 1514 [0]
175 860 [5]
237 502 [0]
254 977 [5]
65 689 [4]
395 531 [0]
379 1077 [0]
1111 1563 [6]
505 1327 [6]
779 972 [0]
268 362 [2]
0 95 [0]
535 810 [4]
138 452 [11]
1073 1264 [0]
124 743 [4]
551 1426 [9]
795 1299 [10]
136 444 [0]
332 1546 [7]
54 1411 [1]
205 637 [0]
47 720 [5]
507 1163 [3]
430 701 [5]
963 1120 [9]
676 1318 [9]
277 335 [0]
27 83 [0]
545 1475 [11]
972 1321 [6]
752 817 [0]
616 1407 [0]
739 769 [0]
732 1124 [0]
122 1351 [3]
488 1351 [3]
197 293 [0]
124 1168 [6]
196 610 [9]
273 390 [11]
365 1525 [2]
100 286 [3]
219 1017 [7]
494 609 [10]
170 1578 [0]
1282 1305 [0]
437 580 [0]
1280 1345 [0]
1277 1376 [0]
738 1250 [0]
832 1419 [0]
640 1026 [2]
247 917 [2]
970 1233 [3]
692 948 [3]
464 1510 [10]
1478 1559 [0]
230 1414 [0]
1263 1291 [0]
992 1006 [0]
405 819 [3]
255 747 [1]
939 1282 [3]
576 731 [0]
402 1097 [2]
403 1224 [0]
448 1283 [10]
742 1116 [0]
821 1025 [11]
366 1025 [0]
15 1274 [9]
119 636 [1]
69 573 [0]
496 1574 [1]
1283 1482 [5]
917 1286 [9]
53 901 [1]
1124 1540 [8]
1518 1519 [0]
695 816 [0]
805 1425 [0]
396 535 [0]
69 607 [1]
719 1553 [0]
325 357 [0]
990 1141 [9]
581 1338 [6]
529 1557 [7]
1049 1166 [0]
919 1479 [9]
281 1055 [9]
530 1387 [5]
225 1224 [0]
753 1442 [9]
626 1250 [5]
356 609 [9]
424 1085 [7]
1 1341 [0]
193 1572 [11]
287 356 [9]
