# cathegory: solved
# problem: no problem
# numcrossings:14
32
3
0
5
8
11
13
21
25
29
6
16
15
1
14
9
12
24
17
10
2
28
23
20
18
27
31
22
19
30
4
7
26
3
18 27 [0]
21 30 [0]
12 24 [0]
20 30 [2]
16 19 [0]
22 31 [0]
20 23 [0]
1 15 [0]
5 8 [0]
2 10 [0]
1 29 [1]
17 24 [0]
23 28 [0]
4 21 [0]
8 14 [2]
12 27 [1]
25 31 [1]
10 17 [0]
25 29 [0]
6 16 [0]
11 16 [2]
11 13 [0]
14 16 [0]
23 31 [0]
11 27 [1]
9 14 [0]
18 20 [0]
6 11 [2]
5 13 [0]
7 28 [2]
23 30 [2]
1 25 [1]
4 30 [0]
8 20 [2]
10 24 [1]
4 24 [2]
19 28 [0]
8 27 [1]
10 21 [1]
8 11 [0]
27 31 [0]
15 16 [0]
13 21 [0]
6 29 [0]
6 27 [1]
11 15 [2]
13 26 [0]
19 31 [0]
2 28 [0]
14 19 [0]
9 12 [0]
21 25 [0]
20 31 [0]
8 12 [2]
9 23 [0]
16 30 [0]
5 17 [2]
0 5 [0]
