# cathegory: solved
# problem: no problem
# numcrossings:0
30
2
26
5
10
2
1
12
14
20
29
28
24
7
8
27
22
21
0
3
4
11
19
9
25
13
23
18
16
6
17
15
0 2 [0]
1 2 [0]
0 3 [0]
2 3 [0]
2 4 [0]
3 4 [0]
2 5 [1]
4 5 [0]
3 6 [1]
4 6 [0]
2 7 [0]
5 7 [1]
5 8 [1]
7 8 [0]
4 9 [0]
6 9 [0]
4 10 [0]
5 10 [0]
6 11 [1]
9 11 [0]
2 12 [0]
7 12 [0]
6 13 [1]
11 13 [1]
2 14 [1]
7 14 [1]
4 15 [1]
5 15 [0]
6 16 [1]
13 16 [1]
5 17 [0]
15 17 [1]
13 18 [1]
16 18 [1]
9 19 [0]
11 19 [1]
7 20 [0]
14 20 [1]
2 21 [0]
5 21 [1]
2 22 [0]
21 22 [0]
13 23 [1]
16 23 [0]
7 24 [0]
14 24 [1]
11 25 [1]
13 25 [1]
5 26 [1]
15 26 [0]
2 27 [0]
21 27 [1]
7 28 [0]
20 28 [1]
7 29 [0]
20 29 [0]
