# Instance 9
128
6
0
1
2
3
4
5
6
7
8
9
10
11
12
13
14
15
16
17
18
19
20
21
22
23
24
25
26
27
28
29
30
31
32
33
34
35
36
37
38
39
40
41
42
43
44
45
46
47
48
49
50
51
52
53
54
55
56
57
58
59
60
61
62
63
64
65
66
67
68
69
70
71
72
73
74
75
76
77
78
79
80
81
82
83
84
85
86
87
88
89
90
91
92
93
94
95
96
97
98
99
100
101
102
103
104
105
106
107
108
109
110
111
112
113
114
115
116
117
118
119
120
121
122
123
124
125
126
127
0 35 [0]
30 35 [0]
20 35 [0]
35 71 [0]
35 95 [0]
18 35 [0]
35 127 [0]
0 40 [0]
0 106 [0]
0 110 [0]
0 14 [0]
0 107 [0]
0 122 [0]
30 40 [0]
30 87 [0]
30 47 [0]
30 92 [0]
30 126 [0]
21 30 [0]
37 40 [0]
40 119 [0]
40 80 [0]
40 124 [0]
40 96 [0]
20 106 [0]
20 87 [0]
20 97 [0]
20 33 [0]
20 36 [0]
20 41 [0]
37 106 [0]
106 109 [0]
8 106 [0]
88 106 [0]
74 106 [0]
37 87 [0]
59 87 [0]
87 91 [0]
50 87 [0]
87 94 [0]
37 85 [0]
37 118 [0]
37 108 [0]
37 81 [0]
71 110 [0]
47 71 [0]
71 97 [0]
32 71 [0]
58 71 [0]
71 115 [0]
110 119 [0]
109 110 [0]
110 116 [0]
110 111 [0]
42 110 [0]
47 119 [0]
47 59 [0]
47 90 [0]
9 47 [0]
27 47 [0]
85 119 [0]
100 119 [0]
28 119 [0]
25 119 [0]
97 109 [0]
59 97 [0]
97 120 [0]
97 114 [0]
1 97 [0]
85 109 [0]
75 109 [0]
109 117 [0]
66 109 [0]
59 85 [0]
59 86 [0]
59 78 [0]
3 59 [0]
46 85 [0]
19 85 [0]
39 85 [0]
14 95 [0]
92 95 [0]
33 95 [0]
32 95 [0]
82 95 [0]
95 102 [0]
14 80 [0]
8 14 [0]
14 116 [0]
14 112 [0]
14 61 [0]
80 92 [0]
91 92 [0]
90 92 [0]
69 92 [0]
48 92 [0]
80 118 [0]
80 100 [0]
11 80 [0]
80 121 [0]
8 33 [0]
33 91 [0]
33 120 [0]
33 60 [0]
5 33 [0]
8 118 [0]
8 75 [0]
8 23 [0]
8 103 [0]
91 118 [0]
86 91 [0]
89 91 [0]
49 91 [0]
46 118 [0]
17 118 [0]
43 118 [0]
32 116 [0]
32 90 [0]
32 120 [0]
12 32 [0]
32 123 [0]
100 116 [0]
75 116 [0]
38 116 [0]
79 116 [0]
90 100 [0]
86 90 [0]
63 90 [0]
7 90 [0]
46 100 [0]
70 100 [0]
22 100 [0]
75 120 [0]
86 120 [0]
113 120 [0]
67 120 [0]
46 75 [0]
73 75 [0]
44 75 [0]
46 86 [0]
62 86 [0]
64 86 [0]
46 105 [0]
29 46 [0]
18 107 [0]
18 126 [0]
18 36 [0]
18 58 [0]
18 82 [0]
18 104 [0]
107 124 [0]
88 107 [0]
107 111 [0]
107 112 [0]
31 107 [0]
124 126 [0]
50 126 [0]
9 126 [0]
69 126 [0]
52 126 [0]
108 124 [0]
28 124 [0]
11 124 [0]
10 124 [0]
36 88 [0]
36 50 [0]
36 114 [0]
36 60 [0]
36 83 [0]
88 108 [0]
88 117 [0]
23 88 [0]
57 88 [0]
50 108 [0]
50 78 [0]
50 89 [0]
50 76 [0]
19 108 [0]
17 108 [0]
72 108 [0]
58 111 [0]
9 58 [0]
58 114 [0]
12 58 [0]
58 101 [0]
28 111 [0]
111 117 [0]
38 111 [0]
24 111 [0]
9 28 [0]
9 78 [0]
9 63 [0]
9 15 [0]
19 28 [0]
28 70 [0]
28 45 [0]
114 117 [0]
78 114 [0]
113 114 [0]
93 114 [0]
19 117 [0]
73 117 [0]
6 117 [0]
19 78 [0]
62 78 [0]
54 78 [0]
19 105 [0]
13 19 [0]
82 112 [0]
69 82 [0]
60 82 [0]
12 82 [0]
53 82 [0]
11 112 [0]
23 112 [0]
38 112 [0]
51 112 [0]
11 69 [0]
69 89 [0]
63 69 [0]
65 69 [0]
11 17 [0]
11 70 [0]
11 34 [0]
23 60 [0]
60 89 [0]
60 113 [0]
60 84 [0]
17 23 [0]
23 73 [0]
23 55 [0]
17 89 [0]
62 89 [0]
26 89 [0]
17 105 [0]
17 68 [0]
12 38 [0]
12 63 [0]
12 113 [0]
12 99 [0]
38 70 [0]
38 73 [0]
2 38 [0]
63 70 [0]
62 63 [0]
63 77 [0]
70 105 [0]
70 98 [0]
73 113 [0]
62 113 [0]
4 113 [0]
73 105 [0]
16 73 [0]
62 105 [0]
56 62 [0]
105 125 [0]
122 127 [0]
21 127 [0]
41 127 [0]
115 127 [0]
102 127 [0]
104 127 [0]
96 122 [0]
74 122 [0]
42 122 [0]
61 122 [0]
31 122 [0]
21 96 [0]
21 94 [0]
21 27 [0]
21 48 [0]
21 52 [0]
81 96 [0]
25 96 [0]
96 121 [0]
10 96 [0]
41 74 [0]
41 94 [0]
1 41 [0]
5 41 [0]
41 83 [0]
74 81 [0]
66 74 [0]
74 103 [0]
57 74 [0]
81 94 [0]
3 94 [0]
49 94 [0]
76 94 [0]
39 81 [0]
43 81 [0]
72 81 [0]
42 115 [0]
27 115 [0]
1 115 [0]
115 123 [0]
101 115 [0]
25 42 [0]
42 66 [0]
42 79 [0]
24 42 [0]
25 27 [0]
3 27 [0]
7 27 [0]
15 27 [0]
25 39 [0]
22 25 [0]
25 45 [0]
1 66 [0]
1 3 [0]
1 67 [0]
1 93 [0]
39 66 [0]
44 66 [0]
6 66 [0]
3 39 [0]
3 64 [0]
3 54 [0]
29 39 [0]
13 39 [0]
61 102 [0]
48 102 [0]
5 102 [0]
102 123 [0]
53 102 [0]
61 121 [0]
61 103 [0]
61 79 [0]
51 61 [0]
48 121 [0]
48 49 [0]
7 48 [0]
48 65 [0]
43 121 [0]
22 121 [0]
34 121 [0]
5 103 [0]
5 49 [0]
5 67 [0]
5 84 [0]
43 103 [0]
44 103 [0]
55 103 [0]
43 49 [0]
49 64 [0]
26 49 [0]
29 43 [0]
43 68 [0]
79 123 [0]
7 123 [0]
67 123 [0]
99 123 [0]
22 79 [0]
44 79 [0]
2 79 [0]
7 22 [0]
7 64 [0]
7 77 [0]
22 29 [0]
22 98 [0]
44 67 [0]
64 67 [0]
4 67 [0]
29 44 [0]
16 44 [0]
29 64 [0]
56 64 [0]
29 125 [0]
31 104 [0]
52 104 [0]
83 104 [0]
101 104 [0]
53 104 [0]
10 31 [0]
31 57 [0]
24 31 [0]
31 51 [0]
10 52 [0]
52 76 [0]
15 52 [0]
52 65 [0]
10 72 [0]
10 45 [0]
10 34 [0]
57 83 [0]
76 83 [0]
83 93 [0]
83 84 [0]
57 72 [0]
6 57 [0]
55 57 [0]
72 76 [0]
54 76 [0]
26 76 [0]
13 72 [0]
68 72 [0]
24 101 [0]
15 101 [0]
93 101 [0]
99 101 [0]
24 45 [0]
6 24 [0]
2 24 [0]
15 45 [0]
15 54 [0]
15 77 [0]
13 45 [0]
45 98 [0]
6 93 [0]
54 93 [0]
4 93 [0]
6 13 [0]
6 16 [0]
13 54 [0]
54 56 [0]
13 125 [0]
51 53 [0]
53 65 [0]
53 84 [0]
53 99 [0]
34 51 [0]
51 55 [0]
2 51 [0]
34 65 [0]
26 65 [0]
65 77 [0]
34 68 [0]
34 98 [0]
55 84 [0]
26 84 [0]
4 84 [0]
55 68 [0]
16 55 [0]
26 68 [0]
26 56 [0]
68 125 [0]
2 99 [0]
77 99 [0]
4 99 [0]
2 98 [0]
2 16 [0]
77 98 [0]
56 77 [0]
98 125 [0]
4 16 [0]
4 56 [0]
16 125 [0]
56 125 [0]
