# Instance 8
150
3
0
1
2
3
4
5
6
7
8
9
10
11
12
13
14
15
16
17
18
19
20
21
22
23
24
25
26
27
28
29
30
31
32
33
34
35
36
37
38
39
40
41
42
43
44
45
46
47
48
49
50
51
52
53
54
55
56
57
58
59
60
61
62
63
64
65
66
67
68
69
70
71
72
73
74
75
76
77
78
79
80
81
82
83
84
85
86
87
88
89
90
91
92
93
94
95
96
97
98
99
100
101
102
103
104
105
106
107
108
109
110
111
112
113
114
115
116
117
118
119
120
121
122
123
124
125
126
127
128
129
130
131
132
133
134
135
136
137
138
139
140
141
142
143
144
145
146
147
148
149
49 136 [0]
80 135 [0]
7 17 [0]
24 67 [0]
127 137 [0]
2 92 [0]
19 82 [0]
34 80 [0]
53 92 [0]
70 110 [0]
0 120 [0]
28 90 [0]
12 44 [0]
119 121 [0]
83 136 [0]
44 134 [0]
21 98 [0]
77 113 [0]
70 98 [0]
52 118 [0]
42 76 [0]
58 99 [0]
99 140 [0]
24 85 [0]
18 116 [0]
27 129 [0]
68 126 [0]
9 68 [0]
5 94 [0]
73 79 [0]
30 58 [0]
22 147 [0]
43 90 [0]
49 72 [0]
40 50 [0]
111 134 [0]
2 58 [0]
39 133 [0]
90 116 [0]
57 111 [0]
104 139 [0]
41 123 [0]
10 89 [0]
11 138 [0]
10 131 [0]
58 148 [0]
142 148 [0]
37 70 [0]
20 80 [0]
72 83 [0]
109 132 [0]
4 134 [0]
58 134 [0]
32 35 [0]
7 137 [0]
19 111 [0]
58 140 [0]
21 95 [0]
27 148 [0]
68 129 [0]
57 134 [0]
26 136 [0]
6 35 [0]
76 80 [0]
85 105 [0]
63 93 [0]
30 140 [0]
30 121 [0]
24 32 [0]
66 121 [0]
97 136 [0]
65 136 [0]
0 28 [0]
65 147 [0]
6 66 [0]
121 129 [0]
30 144 [0]
112 129 [0]
119 134 [0]
79 138 [0]
30 119 [0]
36 39 [0]
22 65 [0]
20 50 [0]
63 140 [0]
85 116 [0]
12 119 [0]
13 22 [0]
20 24 [0]
9 54 [0]
84 143 [0]
63 135 [0]
16 63 [0]
68 146 [0]
126 129 [0]
103 115 [0]
20 42 [0]
24 25 [0]
28 43 [0]
58 102 [0]
13 47 [0]
28 136 [0]
1 123 [0]
29 67 [0]
19 100 [0]
16 68 [0]
27 141 [0]
31 85 [0]
33 129 [0]
48 134 [0]
10 33 [0]
133 149 [0]
11 94 [0]
67 116 [0]
104 115 [0]
40 115 [0]
58 127 [0]
34 135 [0]
47 97 [0]
60 124 [0]
50 135 [0]
106 134 [0]
73 106 [0]
28 105 [0]
35 66 [0]
101 134 [0]
139 147 [0]
15 104 [0]
23 147 [0]
14 140 [0]
29 32 [0]
31 90 [0]
16 54 [0]
62 129 [0]
61 112 [0]
0 1 [0]
133 137 [0]
63 68 [0]
72 97 [0]
58 79 [0]
90 105 [0]
136 147 [0]
20 25 [0]
24 147 [0]
126 146 [0]
24 115 [0]
68 112 [0]
79 142 [0]
92 148 [0]
77 79 [0]
8 52 [0]
88 123 [0]
69 135 [0]
67 90 [0]
113 137 [0]
27 122 [0]
71 109 [0]
83 97 [0]
39 94 [0]
83 130 [0]
130 147 [0]
40 69 [0]
71 118 [0]
56 89 [0]
54 99 [0]
101 119 [0]
45 101 [0]
29 43 [0]
8 115 [0]
69 132 [0]
104 132 [0]
59 106 [0]
17 133 [0]
51 141 [0]
0 29 [0]
32 120 [0]
74 114 [0]
92 96 [0]
7 133 [0]
75 81 [0]
50 117 [0]
99 145 [0]
83 132 [0]
69 118 [0]
64 71 [0]
10 62 [0]
94 138 [0]
83 131 [0]
83 124 [0]
85 147 [0]
29 90 [0]
34 84 [0]
111 129 [0]
6 30 [0]
29 41 [0]
13 97 [0]
30 101 [0]
135 143 [0]
89 131 [0]
68 83 [0]
9 61 [0]
56 83 [0]
91 138 [0]
15 124 [0]
70 95 [0]
92 137 [0]
86 148 [0]
13 83 [0]
38 83 [0]
0 41 [0]
72 136 [0]
74 79 [0]
13 26 [0]
41 43 [0]
77 86 [0]
5 70 [0]
17 36 [0]
81 134 [0]
27 142 [0]
7 77 [0]
75 141 [0]
4 73 [0]
28 32 [0]
45 134 [0]
58 138 [0]
37 138 [0]
21 70 [0]
70 77 [0]
63 132 [0]
20 76 [0]
6 32 [0]
86 113 [0]
77 91 [0]
58 92 [0]
42 80 [0]
25 30 [0]
83 139 [0]
1 41 [0]
49 83 [0]
11 37 [0]
19 81 [0]
7 113 [0]
134 144 [0]
47 83 [0]
10 68 [0]
3 69 [0]
34 143 [0]
83 89 [0]
25 63 [0]
37 91 [0]
59 134 [0]
64 109 [0]
79 114 [0]
19 75 [0]
17 77 [0]
57 129 [0]
19 134 [0]
24 139 [0]
23 139 [0]
30 93 [0]
100 134 [0]
103 109 [0]
33 62 [0]
60 104 [0]
82 100 [0]
132 135 [0]
71 132 [0]
4 81 [0]
78 79 [0]
57 121 [0]
87 141 [0]
51 87 [0]
86 128 [0]
85 90 [0]
28 147 [0]
58 144 [0]
54 63 [0]
63 99 [0]
38 68 [0]
115 139 [0]
122 148 [0]
58 107 [0]
18 67 [0]
70 94 [0]
95 98 [0]
24 29 [0]
104 124 [0]
28 41 [0]
77 148 [0]
17 39 [0]
79 106 [0]
20 117 [0]
56 131 [0]
63 125 [0]
44 57 [0]
2 107 [0]
39 58 [0]
29 120 [0]
32 136 [0]
94 95 [0]
20 34 [0]
0 32 [0]
58 61 [0]
46 103 [0]
20 84 [0]
32 121 [0]
61 99 [0]
84 117 [0]
75 111 [0]
14 63 [0]
115 118 [0]
10 83 [0]
64 103 [0]
8 103 [0]
30 45 [0]
1 88 [0]
83 104 [0]
18 85 [0]
59 79 [0]
113 128 [0]
87 142 [0]
24 50 [0]
52 115 [0]
58 112 [0]
11 70 [0]
58 78 [0]
114 134 [0]
127 133 [0]
17 70 [0]
108 141 [0]
2 53 [0]
100 111 [0]
77 128 [0]
79 141 [0]
39 149 [0]
73 141 [0]
26 97 [0]
30 63 [0]
82 111 [0]
8 118 [0]
46 109 [0]
54 55 [0]
62 136 [0]
74 102 [0]
30 134 [0]
19 48 [0]
4 75 [0]
27 87 [0]
68 131 [0]
74 78 [0]
15 83 [0]
28 85 [0]
102 114 [0]
32 129 [0]
25 42 [0]
22 130 [0]
32 66 [0]
79 91 [0]
22 26 [0]
12 121 [0]
31 116 [0]
26 65 [0]
67 85 [0]
112 148 [0]
63 80 [0]
103 118 [0]
3 40 [0]
9 99 [0]
23 24 [0]
33 146 [0]
13 130 [0]
92 107 [0]
62 83 [0]
3 115 [0]
54 145 [0]
96 137 [0]
51 108 [0]
39 127 [0]
58 74 [0]
17 149 [0]
53 58 [0]
10 146 [0]
16 125 [0]
63 83 [0]
92 113 [0]
55 63 [0]
54 68 [0]
68 125 [0]
115 132 [0]
71 103 [0]
15 60 [0]
111 141 [0]
73 75 [0]
61 68 [0]
21 110 [0]
122 129 [0]
103 132 [0]
50 69 [0]
5 95 [0]
112 122 [0]
129 136 [0]
12 134 [0]
42 63 [0]
6 24 [0]
48 100 [0]
50 143 [0]
55 145 [0]
33 126 [0]
129 141 [0]
0 123 [0]
107 127 [0]
17 95 [0]
69 115 [0]
46 132 [0]
102 134 [0]
44 121 [0]
25 93 [0]
0 88 [0]
96 127 [0]
36 94 [0]
86 92 [0]
29 123 [0]
96 107 [0]
50 115 [0]
118 132 [0]
38 131 [0]
73 134 [0]
24 30 [0]
14 30 [0]
95 110 [0]
79 148 [0]
70 91 [0]
30 66 [0]
39 138 [0]
50 84 [0]
130 139 [0]
15 132 [0]
55 99 [0]
79 134 [0]
51 79 [0]
51 142 [0]
17 110 [0]
79 108 [0]
17 94 [0]
