# Instance 6
50
3
0
1
2
3
4
5
6
7
8
9
10
11
12
13
14
15
16
17
18
19
20
21
22
23
24
25
26
27
28
29
30
31
32
33
34
35
36
37
38
39
40
41
42
43
44
45
46
47
48
49
10 19 [0]
12 34 [0]
39 47 [0]
0 12 [0]
7 24 [0]
2 13 [0]
11 36 [0]
28 48 [0]
3 44 [0]
18 22 [0]
18 48 [0]
6 42 [0]
1 20 [0]
38 43 [0]
33 46 [0]
29 33 [0]
10 37 [0]
5 24 [0]
20 34 [0]
20 25 [0]
21 25 [0]
9 33 [0]
23 40 [0]
0 6 [0]
31 44 [0]
7 20 [0]
3 31 [0]
2 31 [0]
27 47 [0]
2 44 [0]
20 21 [0]
35 46 [0]
20 32 [0]
4 34 [0]
1 5 [0]
5 42 [0]
14 33 [0]
10 20 [0]
20 37 [0]
6 12 [0]
26 30 [0]
38 49 [0]
30 43 [0]
27 34 [0]
26 35 [0]
23 33 [0]
7 17 [0]
14 19 [0]
34 36 [0]
8 32 [0]
7 37 [0]
6 19 [0]
0 22 [0]
6 22 [0]
29 35 [0]
16 33 [0]
26 46 [0]
10 32 [0]
10 25 [0]
16 32 [0]
22 45 [0]
19 24 [0]
42 48 [0]
0 45 [0]
14 40 [0]
6 14 [0]
9 14 [0]
22 42 [0]
15 33 [0]
28 42 [0]
34 35 [0]
7 10 [0]
15 43 [0]
15 46 [0]
12 14 [0]
5 20 [0]
13 27 [0]
5 28 [0]
27 31 [0]
5 11 [0]
4 5 [0]
10 24 [0]
29 46 [0]
29 32 [0]
34 47 [0]
16 23 [0]
12 43 [0]
5 36 [0]
18 36 [0]
13 31 [0]
21 32 [0]
17 37 [0]
20 35 [0]
18 45 [0]
18 28 [0]
11 34 [0]
13 47 [0]
3 13 [0]
3 47 [0]
25 32 [0]
16 29 [0]
3 35 [0]
4 20 [0]
5 6 [0]
5 34 [0]
8 10 [0]
32 35 [0]
8 25 [0]
12 38 [0]
14 23 [0]
0 36 [0]
12 47 [0]
12 15 [0]
12 39 [0]
19 23 [0]
16 19 [0]
9 40 [0]
43 47 [0]
43 49 [0]
41 47 [0]
22 48 [0]
31 34 [0]
28 36 [0]
30 35 [0]
15 30 [0]
30 47 [0]
1 7 [0]
15 26 [0]
17 20 [0]
35 41 [0]
0 34 [0]
2 3 [0]
3 34 [0]
33 40 [0]
19 32 [0]
36 45 [0]
30 41 [0]
34 39 [0]
1 24 [0]
12 33 [0]
6 24 [0]
47 49 [0]
35 47 [0]
12 49 [0]
2 47 [0]
2 27 [0]
33 35 [0]
16 35 [0]
21 35 [0]
4 35 [0]
31 35 [0]
15 35 [0]
15 38 [0]
14 15 [0]
15 47 [0]
36 42 [0]
36 48 [0]
22 36 [0]
0 42 [0]
0 14 [0]
0 39 [0]
0 11 [0]
38 47 [0]
23 32 [0]
24 32 [0]
1 4 [0]
4 11 [0]
9 23 [0]
6 23 [0]
23 29 [0]
22 28 [0]
25 37 [0]
1 10 [0]
1 6 [0]
1 17 [0]
8 21 [0]
31 47 [0]
10 17 [0]
3 41 [0]
26 33 [0]
